2025-06-05 21:10:20 crtsurfdata 开始运行
2025-06-05 21:10:20 58015 20250605211000 25.7 1002.7 67 0.9 0.1 10003.0 1002.7
2025-06-05 21:10:20 58102 20250605211000 24.4 1008.7 19 5.7 1.5 10093.7 1008.7
2025-06-05 21:10:20 58118 20250605211000 17.0 1019.8 59 12.1 0.2 10238.2 1019.8
2025-06-05 21:10:20 58122 20250605211000 17.1 1009.7 9 1.3 0.3 10485.9 1009.7
2025-06-05 21:10:20 58203 20250605211000 18.8 1022.0 69 3.4 0.5 10480.3 1022.0
2025-06-05 21:10:20 58215 20250605211000 24.3 1012.1 17 2.3 1.5 10230.5 1012.1
2025-06-05 21:10:20 58221 20250605211000 23.3 1002.6 6 14.4 1.4 10444.0 1002.6
2025-06-05 21:10:20 58225 20250605211000 21.7 1005.1 75 4.0 1.2 10475.0 1005.1
2025-06-05 21:10:20 58236 20250605211000 0.3 1017.4 40 14.1 0.6 10006.8 1017.4
2025-06-05 21:10:20 58311 20250605211000 12.6 1010.8 79 4.9 1.3 10074.1 1010.8
2025-06-05 21:10:20 58314 20250605211000 7.5 1009.8 31 12.4 0.1 10293.7 1009.8
2025-06-05 21:10:20 58319 20250605211000 17.0 1007.5 0 9.8 1.2 10205.2 1007.5
2025-06-05 21:10:20 58321 20250605211000 33.8 1010.0 5 9.9 0.7 10059.6 1010.0
2025-06-05 21:10:20 58326 20250605211000 14.3 1017.8 37 3.7 0.0 10339.8 1017.8
2025-06-05 21:10:20 58336 20250605211000 8.8 1007.2 15 2.5 0.0 10483.3 1007.2
2025-06-05 21:10:20 58338 20250605211000 25.1 1018.8 57 13.0 0.8 10266.8 1018.8
2025-06-05 21:10:20 58414 20250605211000 12.9 1004.7 1 8.2 1.4 10452.0 1004.7
2025-06-05 21:10:20 58419 20250605211000 3.3 1000.9 63 0.2 1.2 10389.6 1000.9
2025-06-05 21:10:20 58424 20250605211000 19.1 1005.4 29 9.8 1.1 10472.8 1005.4
2025-06-05 21:10:20 58429 20250605211000 32.3 1016.7 72 0.2 0.2 10469.7 1016.7
2025-06-05 21:10:20 58436 20250605211000 23.3 1004.4 11 13.6 1.3 10356.9 1004.4
2025-06-05 21:10:20 58437 20250605211000 2.0 1022.9 84 5.8 0.0 10033.1 1022.9
2025-06-05 21:10:20 58520 20250605211000 6.2 1025.3 83 2.2 1.5 10107.2 1025.3
2025-06-05 21:10:20 58531 20250605211000 2.1 1024.7 91 4.6 0.8 10264.7 1024.7
2025-06-05 21:10:20 54406 20250605211000 9.9 1019.2 2 3.8 0.8 10421.5 1019.2
2025-06-05 21:10:20 54416 20250605211000 7.4 1009.0 18 11.4 1.2 10307.9 1009.0
2025-06-05 21:10:20 54511 20250605211000 17.4 1010.7 47 9.0 1.5 10401.3 1010.7
2025-06-05 21:10:20 58725 20250605211000 11.4 1014.2 86 13.6 0.8 10025.4 1014.2
2025-06-05 21:10:20 58730 20250605211000 28.2 1005.4 88 5.7 0.9 10178.5 1005.4
2025-06-05 21:10:20 58731 20250605211000 29.7 1024.4 56 8.4 0.9 10200.1 1024.4
2025-06-05 21:10:20 58734 20250605211000 30.0 1010.0 92 14.9 0.8 10320.9 1010.0
2025-06-05 21:10:20 58737 20250605211000 4.1 1019.4 4 4.1 1.4 10332.0 1019.4
2025-06-05 21:10:20 58744 20250605211000 2.9 1016.3 3 10.2 1.0 10298.9 1016.3
2025-06-05 21:10:20 58754 20250605211000 25.9 1018.0 37 8.7 1.0 10075.6 1018.0
2025-06-05 21:10:20 58818 20250605211000 22.3 1003.3 25 0.0 1.0 10343.2 1003.3
2025-06-05 21:10:20 58820 20250605211000 4.9 1019.3 79 4.2 1.1 10215.6 1019.3
2025-06-05 21:10:20 58834 20250605211000 8.5 1002.4 96 13.7 0.1 10263.9 1002.4
2025-06-05 21:10:20 58837 20250605211000 33.9 1013.1 40 14.9 0.1 10488.1 1013.1
2025-06-05 21:10:20 58843 20250605211000 3.6 1019.9 90 8.2 1.2 10126.0 1019.9
2025-06-05 21:10:20 58846 20250605211000 28.4 1003.5 44 14.9 1.1 10454.9 1003.5
2025-06-05 21:10:20 58847 20250605211000 29.3 1010.7 76 9.3 0.5 10473.0 1010.7
2025-06-05 21:10:20 58911 20250605211000 3.0 1014.2 36 2.0 0.4 10345.0 1014.2
2025-06-05 21:10:20 58918 20250605211000 6.9 1006.6 38 13.7 1.4 10090.2 1006.6
2025-06-05 21:10:20 58921 20250605211000 7.2 1023.2 4 4.3 0.0 10116.5 1023.2
2025-06-05 21:10:20 58926 20250605211000 34.4 1008.3 100 6.2 0.4 10389.0 1008.3
2025-06-05 21:10:20 58927 20250605211000 20.6 1018.2 26 6.1 0.5 10056.6 1018.2
2025-06-05 21:10:20 58931 20250605211000 23.3 1020.0 61 0.8 0.2 10015.4 1020.0
2025-06-05 21:10:20 58933 20250605211000 4.5 1006.3 99 6.1 0.6 10197.9 1006.3
2025-06-05 21:10:20 58936 20250605211000 5.6 1011.0 43 10.8 0.5 10302.6 1011.0
2025-06-05 21:10:20 58944 20250605211000 17.1 1024.8 14 4.2 0.0 10125.4 1024.8
2025-06-05 21:10:20 59113 20250605211000 30.5 1025.8 10 8.3 1.1 10424.6 1025.8
2025-06-05 21:10:20 59126 20250605211000 4.1 1013.3 78 5.8 0.7 10072.7 1013.3
2025-06-05 21:10:20 59133 20250605211000 17.1 1015.9 69 14.0 0.8 10382.1 1015.9
2025-06-05 21:10:20 59134 20250605211000 29.8 1012.6 70 6.6 0.5 10020.5 1012.6
2025-06-05 21:10:20 59321 20250605211000 11.0 1016.3 73 14.8 0.6 10012.7 1016.3
2025-06-05 21:10:20 52323 20250605211000 28.4 1026.0 63 11.5 1.5 10497.9 1026.0
2025-06-05 21:10:20 52418 20250605211000 7.4 1023.9 94 1.4 0.7 10232.2 1023.9
2025-06-05 21:10:20 52424 20250605211000 30.4 1012.5 48 9.8 0.7 10443.4 1012.5
2025-06-05 21:10:20 52436 20250605211000 21.4 1012.5 72 4.5 0.6 10460.1 1012.5
2025-06-05 21:10:20 52446 20250605211000 19.6 1009.6 50 13.2 0.3 10452.8 1009.6
2025-06-05 21:10:20 52447 20250605211000 4.7 1017.8 53 10.3 0.7 10457.3 1017.8
2025-06-05 21:10:20 52533 20250605211000 1.7 1000.7 15 7.2 0.8 10363.4 1000.7
2025-06-05 21:10:20 52546 20250605211000 17.2 1020.7 1 3.4 1.0 10318.7 1020.7
2025-06-05 21:10:20 52652 20250605211000 13.2 1024.2 86 11.9 0.4 10186.0 1024.2
2025-06-05 21:10:20 52661 20250605211000 10.1 1001.9 85 1.8 0.9 10141.4 1001.9
2025-06-05 21:10:20 52674 20250605211000 7.1 1016.2 18 11.7 0.7 10123.7 1016.2
2025-06-05 21:10:20 52679 20250605211000 3.9 1006.4 61 3.3 0.6 10000.5 1006.4
2025-06-05 21:10:20 52681 20250605211000 26.8 1014.8 27 12.0 0.8 10000.3 1014.8
2025-06-05 21:10:20 52787 20250605211000 19.1 1009.9 96 4.6 0.3 10279.8 1009.9
2025-06-05 21:10:20 52797 20250605211000 31.4 1011.1 37 11.5 1.2 10237.7 1011.1
2025-06-05 21:10:20 52884 20250605211000 23.2 1006.8 59 6.4 1.4 10308.6 1006.8
2025-06-05 21:10:20 52895 20250605211000 24.8 1022.9 67 7.2 0.1 10428.0 1022.9
2025-06-05 21:10:20 52983 20250605211000 9.5 1015.8 74 2.4 0.0 10446.7 1015.8
2025-06-05 21:10:20 52984 20250605211000 27.0 1005.2 16 12.0 0.1 10361.1 1005.2
2025-06-05 21:10:20 52986 20250605211000 13.6 1000.9 83 3.2 0.0 10204.3 1000.9
2025-06-05 21:10:20 52996 20250605211000 9.6 1016.6 1 0.5 0.9 10312.2 1016.6
2025-06-05 21:10:20 53821 20250605211000 33.0 1014.4 75 2.2 0.6 10281.7 1014.4
2025-06-05 21:10:20 53915 20250605211000 34.9 1018.7 2 14.0 0.6 10199.3 1018.7
2025-06-05 21:10:20 53923 20250605211000 6.0 1011.0 69 14.4 0.2 10018.4 1011.0
2025-06-05 21:10:20 56074 20250605211000 7.6 1015.6 79 8.7 0.0 10280.9 1015.6
2025-06-05 21:10:20 56080 20250605211000 29.5 1025.6 81 0.7 0.8 10318.3 1025.6
2025-06-05 21:10:20 56093 20250605211000 23.0 1024.1 1 14.5 0.4 10318.2 1024.1
2025-06-05 21:10:20 56096 20250605211000 8.7 1019.0 94 6.6 1.4 10148.3 1019.0
2025-06-05 21:10:20 57014 20250605211000 6.2 1006.7 71 7.8 1.3 10009.0 1006.7
2025-06-05 21:10:20 57996 20250605211000 31.6 1025.7 88 0.0 1.1 10045.0 1025.7
2025-06-05 21:10:20 59072 20250605211000 5.7 1021.0 83 6.3 0.9 10235.4 1021.0
2025-06-05 21:10:20 59082 20250605211000 15.8 1012.2 9 1.8 0.3 10202.2 1012.2
2025-06-05 21:10:20 59087 20250605211000 3.4 1019.1 63 2.3 1.0 10267.4 1019.1
2025-06-05 21:10:20 59088 20250605211000 30.2 1019.4 22 7.6 1.1 10179.4 1019.4
2025-06-05 21:10:20 59096 20250605211000 2.8 1003.9 65 7.4 0.7 10008.4 1003.9
2025-06-05 21:10:20 59097 20250605211000 3.7 1001.6 18 6.4 0.6 10123.2 1001.6
2025-06-05 21:10:20 59107 20250605211000 18.2 1014.9 52 0.7 0.4 10397.3 1014.9
2025-06-05 21:10:20 59116 20250605211000 23.1 1001.6 39 5.7 0.9 10043.7 1001.6
2025-06-05 21:10:20 59117 20250605211000 28.3 1016.9 26 13.9 0.1 10250.4 1016.9
2025-06-05 21:10:20 59271 20250605211000 21.3 1012.9 67 13.0 0.5 10043.5 1012.9
2025-06-05 21:10:20 59278 20250605211000 14.6 1010.6 85 13.2 0.7 10356.8 1010.6
2025-06-05 21:10:20 59280 20250605211000 18.9 1022.1 100 9.0 0.9 10378.2 1022.1
2025-06-05 21:10:20 59287 20250605211000 34.7 1006.4 29 11.1 0.2 10480.1 1006.4
2025-06-05 21:10:20 59289 20250605211000 15.0 1013.6 94 7.7 1.5 10290.8 1013.6
2025-06-05 21:10:20 59293 20250605211000 31.0 1003.4 24 2.7 1.0 10350.9 1003.4
2025-06-05 21:10:20 59294 20250605211000 30.9 1005.4 70 14.1 0.0 10269.0 1005.4
2025-06-05 21:10:20 59298 20250605211000 3.3 1018.1 4 12.8 1.5 10388.0 1018.1
2025-06-05 21:10:20 59303 20250605211000 13.9 1025.5 7 8.9 1.5 10284.7 1025.5
2025-06-05 21:10:20 59304 20250605211000 11.6 1012.7 72 11.8 1.0 10271.8 1012.7
2025-06-05 21:10:20 59306 20250605211000 4.7 1024.9 85 2.8 0.9 10019.6 1024.9
2025-06-05 21:10:20 59310 20250605211000 1.9 1020.9 30 9.7 0.2 10382.4 1020.9
2025-06-05 21:10:20 59316 20250605211000 27.5 1001.7 91 6.4 1.2 10468.9 1001.7
2025-06-05 21:10:20 59317 20250605211000 15.3 1010.0 32 9.9 1.1 10250.1 1010.0
2025-06-05 21:10:20 59324 20250605211000 16.7 1021.4 4 5.8 0.1 10233.2 1021.4
2025-06-05 21:10:20 59456 20250605211000 18.9 1004.3 68 7.9 0.0 10212.8 1004.3
2025-06-05 21:10:20 59462 20250605211000 7.6 1024.9 29 8.3 0.0 10007.4 1024.9
2025-06-05 21:10:20 59478 20250605211000 14.9 1020.0 45 3.7 0.6 10023.6 1020.0
2025-06-05 21:10:20 59485 20250605211000 28.6 1011.7 96 6.8 1.3 10294.4 1011.7
2025-06-05 21:10:20 59488 20250605211000 7.9 1018.3 31 12.3 1.1 10093.1 1018.3
2025-06-05 21:10:20 59493 20250605211000 25.2 1024.8 67 11.9 0.5 10421.0 1024.8
2025-06-05 21:10:20 59501 20250605211000 10.2 1002.5 66 11.7 1.1 10003.9 1002.5
2025-06-05 21:10:20 59658 20250605211000 20.4 1003.1 67 3.8 0.9 10434.3 1003.1
2025-06-05 21:10:20 59663 20250605211000 30.9 1024.7 98 7.3 0.1 10261.3 1024.7
2025-06-05 21:10:20 59664 20250605211000 4.6 1019.4 60 3.8 0.8 10397.1 1019.4
2025-06-05 21:10:20 59673 20250605211000 10.7 1001.3 36 8.3 1.2 10250.1 1001.3
2025-06-05 21:10:20 59754 20250605211000 20.2 1002.0 52 5.1 0.7 10260.5 1002.0
2025-06-05 21:10:20 57947 20250605211000 14.2 1015.1 33 2.9 1.5 10070.0 1015.1
2025-06-05 21:10:20 57957 20250605211000 20.2 1022.8 30 7.5 1.3 10368.4 1022.8
2025-06-05 21:10:20 57958 20250605211000 1.5 1010.3 39 5.9 1.4 10499.6 1010.3
2025-06-05 21:10:20 59021 20250605211000 14.2 1015.8 56 10.3 1.1 10059.8 1015.8
2025-06-05 21:10:20 59023 20250605211000 15.4 1014.5 36 0.7 0.7 10326.1 1014.5
2025-06-05 21:10:20 59027 20250605211000 33.8 1000.3 96 9.3 0.7 10346.6 1000.3
2025-06-05 21:10:20 59037 20250605211000 26.8 1017.4 50 5.4 0.3 10087.7 1017.4
2025-06-05 21:10:20 59046 20250605211000 31.3 1013.1 92 8.9 0.1 10360.7 1013.1
2025-06-05 21:10:20 59058 20250605211000 34.2 1014.8 25 2.9 0.2 10293.0 1014.8
2025-06-05 21:10:20 59065 20250605211000 3.8 1001.0 93 7.5 1.5 10066.7 1001.0
2025-06-05 21:10:20 59209 20250605211000 21.8 1014.9 98 10.3 1.0 10273.4 1014.9
2025-06-05 21:10:20 59211 20250605211000 31.0 1017.9 26 1.0 1.5 10226.9 1017.9
2025-06-05 21:10:20 59218 20250605211000 4.9 1007.9 8 3.2 0.9 10411.2 1007.9
2025-06-05 21:10:20 59228 20250605211000 6.3 1010.2 47 6.9 0.1 10471.3 1010.2
2025-06-05 21:10:20 59242 20250605211000 24.6 1002.1 30 9.0 1.4 10071.9 1002.1
2025-06-05 21:10:20 59254 20250605211000 19.6 1005.1 20 0.0 1.3 10434.1 1005.1
2025-06-05 21:10:20 59265 20250605211000 16.2 1003.0 10 0.4 1.1 10476.5 1003.0
2025-06-05 21:10:20 59417 20250605211000 33.8 1020.1 98 5.6 0.8 10366.1 1020.1
2025-06-05 21:10:20 59431 20250605211000 7.7 1016.5 58 3.1 0.6 10059.3 1016.5
2025-06-05 21:10:20 59446 20250605211000 27.2 1003.4 9 11.1 0.9 10186.6 1003.4
2025-06-05 21:10:20 59453 20250605211000 31.3 1016.4 87 1.6 0.8 10194.3 1016.4
2025-06-05 21:10:20 59626 20250605211000 2.0 1020.4 10 7.2 0.8 10083.4 1020.4
2025-06-05 21:10:20 59631 20250605211000 23.0 1009.5 74 9.6 0.7 10003.1 1009.5
2025-06-05 21:10:20 59632 20250605211000 32.9 1018.3 18 13.2 1.2 10374.9 1018.3
2025-06-05 21:10:20 59644 20250605211000 34.5 1021.9 54 6.6 0.5 10451.8 1021.9
2025-06-05 21:10:20 59647 20250605211000 18.2 1011.0 100 10.9 0.8 10158.5 1011.0
2025-06-05 21:10:20 56691 20250605211000 33.4 1023.8 66 10.9 1.1 10290.3 1023.8
2025-06-05 21:10:20 56693 20250605211000 20.7 1006.8 5 14.1 1.5 10289.9 1006.8
2025-06-05 21:10:20 56792 20250605211000 27.3 1025.3 56 12.3 0.7 10054.7 1025.3
2025-06-05 21:10:20 56793 20250605211000 29.1 1021.8 51 1.3 1.3 10459.8 1021.8
2025-06-05 21:10:20 57606 20250605211000 12.5 1002.4 83 6.2 1.1 10329.3 1002.4
2025-06-05 21:10:20 57614 20250605211000 2.3 1017.2 57 8.0 0.2 10292.9 1017.2
2025-06-05 21:10:20 57625 20250605211000 7.1 1019.8 30 1.1 1.0 10398.7 1019.8
2025-06-05 21:10:20 57647 20250605211000 23.6 1003.5 71 12.5 1.0 10407.0 1003.5
2025-06-05 21:10:20 57707 20250605211000 19.1 1016.4 15 11.0 1.2 10452.7 1016.4
2025-06-05 21:10:20 57710 20250605211000 32.4 1026.1 75 14.0 0.6 10069.6 1026.1
2025-06-05 21:10:20 57712 20250605211000 7.0 1002.9 73 6.7 0.2 10047.3 1002.9
2025-06-05 21:10:20 57718 20250605211000 23.0 1008.7 7 4.4 1.1 10006.8 1008.7
2025-06-05 21:10:20 57722 20250605211000 17.0 1001.4 34 10.5 0.9 10413.4 1001.4
2025-06-05 21:10:20 57729 20250605211000 31.7 1010.1 91 8.4 1.0 10401.6 1010.1
2025-06-05 21:10:20 57731 20250605211000 17.5 1022.5 31 4.4 1.0 10028.9 1022.5
2025-06-05 21:10:20 57741 20250605211000 21.3 1010.5 41 14.7 1.2 10287.7 1010.5
2025-06-05 21:10:20 57803 20250605211000 34.4 1015.4 80 7.9 0.0 10132.0 1015.4
2025-06-05 21:10:20 57805 20250605211000 23.4 1016.7 98 8.0 0.8 10300.3 1016.7
2025-06-05 21:10:20 57806 20250605211000 31.7 1018.7 8 6.7 1.2 10304.5 1018.7
2025-06-05 21:10:20 57816 20250605211000 26.3 1026.0 8 0.1 0.9 10462.9 1026.0
2025-06-05 21:10:20 57825 20250605211000 5.0 1010.6 61 10.5 1.1 10148.3 1010.6
2025-06-05 21:10:20 57827 20250605211000 13.4 1008.4 88 13.3 1.1 10478.6 1008.4
2025-06-05 21:10:20 57832 20250605211000 6.6 1015.6 63 7.4 0.3 10266.6 1015.6
2025-06-05 21:10:20 57839 20250605211000 9.3 1018.1 47 3.2 1.5 10296.0 1018.1
2025-06-05 21:10:20 57840 20250605211000 8.5 1025.4 73 12.0 1.4 10393.9 1025.4
2025-06-05 21:10:20 57902 20250605211000 12.6 1023.8 80 2.9 0.2 10288.1 1023.8
2025-06-05 21:10:20 57906 20250605211000 11.3 1006.5 77 2.7 0.7 10204.3 1006.5
2025-06-05 21:10:20 57907 20250605211000 0.3 1006.1 71 3.0 0.1 10106.1 1006.1
2025-06-05 21:10:20 57910 20250605211000 1.4 1010.8 19 7.5 1.0 10165.6 1010.8
2025-06-05 21:10:20 57912 20250605211000 14.7 1008.3 100 0.2 1.1 10422.9 1008.3
2025-06-05 21:10:20 57916 20250605211000 8.1 1004.6 9 10.8 1.2 10417.4 1004.6
2025-06-05 21:10:20 57922 20250605211000 13.7 1007.9 19 11.8 0.2 10088.0 1007.9
2025-06-05 21:10:20 57926 20250605211000 24.8 1006.5 29 5.0 1.1 10183.4 1006.5
2025-06-05 21:10:20 57932 20250605211000 12.7 1009.1 99 8.4 0.8 10223.5 1009.1
2025-06-05 21:10:20 59758 20250605211000 8.8 1024.1 27 6.4 0.8 10013.2 1024.1
2025-06-05 21:10:20 59838 20250605211000 12.4 1015.1 12 2.7 1.1 10000.0 1015.1
2025-06-05 21:10:20 59845 20250605211000 19.5 1013.0 14 6.0 0.6 10227.9 1013.0
2025-06-05 21:10:20 59849 20250605211000 26.2 1023.5 45 6.3 0.6 10047.8 1023.5
2025-06-05 21:10:20 59855 20250605211000 14.8 1024.5 12 1.3 0.4 10112.0 1024.5
2025-06-05 21:10:20 59948 20250605211000 32.7 1020.9 22 14.0 0.5 10447.3 1020.9
2025-06-05 21:10:20 59954 20250605211000 6.9 1023.4 35 13.4 0.5 10152.7 1023.4
2025-06-05 21:10:20 59981 20250605211000 14.6 1017.3 83 3.1 0.6 10363.5 1017.3
2025-06-05 21:10:20 53399 20250605211000 19.4 1009.2 21 14.2 0.5 10372.8 1009.2
2025-06-05 21:10:20 53593 20250605211000 20.7 1006.5 35 13.9 0.8 10004.8 1006.5
2025-06-05 21:10:20 53698 20250605211000 33.1 1022.2 93 1.2 0.3 10012.5 1022.2
2025-06-05 21:10:20 53798 20250605211000 4.6 1010.3 79 4.8 0.4 10069.2 1010.3
2025-06-05 21:10:20 54308 20250605211000 17.9 1021.2 29 13.9 0.3 10411.7 1021.2
2025-06-05 21:10:20 54311 20250605211000 23.4 1022.7 100 11.8 0.1 10209.7 1022.7
2025-06-05 21:10:20 54401 20250605211000 0.9 1001.9 58 1.7 1.1 10320.0 1001.9
2025-06-05 21:10:20 54405 20250605211000 18.1 1026.0 26 14.8 0.8 10329.1 1026.0
2025-06-05 21:10:20 54423 20250605211000 14.6 1004.8 14 1.2 0.1 10302.9 1004.8
2025-06-05 21:10:20 54429 20250605211000 30.3 1023.6 71 12.1 0.6 10079.3 1023.6
2025-06-05 21:10:20 54436 20250605211000 33.9 1017.4 37 9.8 1.1 10349.8 1017.4
2025-06-05 21:10:20 54449 20250605211000 11.5 1024.5 56 6.7 0.1 10350.0 1024.5
2025-06-05 21:10:20 54518 20250605211000 16.7 1022.7 73 10.7 1.5 10360.1 1022.7
2025-06-05 21:10:20 54534 20250605211000 16.9 1019.9 28 12.1 0.0 10146.2 1019.9
2025-06-05 21:10:20 54535 20250605211000 14.2 1002.8 31 13.7 0.8 10280.4 1002.8
2025-06-05 21:10:20 54539 20250605211000 13.8 1023.2 76 0.9 0.8 10132.1 1023.2
2025-06-05 21:10:20 54602 20250605211000 32.7 1002.7 7 12.4 1.2 10319.1 1002.7
2025-06-05 21:10:20 54606 20250605211000 33.1 1020.6 48 2.6 1.0 10339.2 1020.6
2025-06-05 21:10:20 54618 20250605211000 19.7 1018.0 23 9.3 0.7 10346.2 1018.0
2025-06-05 21:10:20 54624 20250605211000 23.3 1023.5 2 0.4 0.6 10109.8 1023.5
2025-06-05 21:10:20 54705 20250605211000 11.4 1013.2 48 12.9 0.4 10413.0 1013.2
2025-06-05 21:10:20 53898 20250605211000 25.5 1025.1 94 5.4 1.2 10072.9 1025.1
2025-06-05 21:10:20 53986 20250605211000 23.0 1008.0 86 0.2 0.3 10462.6 1008.0
2025-06-05 21:10:20 57051 20250605211000 9.5 1008.1 74 6.4 1.2 10205.2 1008.1
2025-06-05 21:10:20 57067 20250605211000 6.8 1018.3 56 5.5 0.6 10175.6 1018.3
2025-06-05 21:10:20 57071 20250605211000 8.6 1007.8 67 11.6 0.9 10460.6 1007.8
2025-06-05 21:10:20 57077 20250605211000 32.0 1012.9 55 14.6 1.2 10084.2 1012.9
2025-06-05 21:10:20 57083 20250605211000 9.8 1000.5 38 11.1 0.7 10241.6 1000.5
2025-06-05 21:10:20 57084 20250605211000 12.7 1022.6 84 1.0 0.6 10360.7 1022.6
2025-06-05 21:10:20 57089 20250605211000 6.7 1006.1 2 10.1 0.7 10182.9 1006.1
2025-06-05 21:10:20 57091 20250605211000 1.7 1017.5 53 8.1 1.0 10334.5 1017.5
2025-06-05 21:10:20 57156 20250605211000 8.0 1002.7 50 14.7 1.4 10171.8 1002.7
2025-06-05 21:10:20 57178 20250605211000 11.1 1009.5 12 9.1 1.1 10004.0 1009.5
2025-06-05 21:10:20 57181 20250605211000 20.3 1006.0 34 3.3 0.7 10317.0 1006.0
2025-06-05 21:10:20 57193 20250605211000 8.5 1018.3 96 11.0 1.1 10123.9 1018.3
2025-06-05 21:10:20 57285 20250605211000 14.1 1013.1 31 0.0 0.9 10304.7 1013.1
2025-06-05 21:10:20 57290 20250605211000 0.0 1023.6 80 6.1 1.5 10272.7 1023.6
2025-06-05 21:10:20 57297 20250605211000 10.5 1023.8 32 13.5 0.1 10263.4 1023.8
2025-06-05 21:10:20 58005 20250605211000 16.9 1000.8 16 14.6 0.9 10389.1 1000.8
2025-06-05 21:10:20 58111 20250605211000 10.6 1010.8 90 9.6 1.2 10220.9 1010.8
2025-06-05 21:10:20 58208 20250605211000 19.7 1008.1 85 12.5 1.1 10279.5 1008.1
2025-06-05 21:10:20 50136 20250605211000 23.6 1018.6 27 12.9 0.3 10482.9 1018.6
2025-06-05 21:10:20 50246 20250605211000 6.5 1004.2 2 10.0 1.2 10105.2 1004.2
2025-06-05 21:10:20 50247 20250605211000 19.8 1012.1 54 1.9 0.9 10225.8 1012.1
2025-06-05 21:10:20 50349 20250605211000 26.8 1005.7 84 8.3 1.4 10394.8 1005.7
2025-06-05 21:10:20 50353 20250605211000 11.0 1001.0 57 2.6 1.1 10485.7 1001.0
2025-06-05 21:10:20 50442 20250605211000 20.8 1020.2 51 0.9 0.2 10044.7 1020.2
2025-06-05 21:10:20 50468 20250605211000 1.0 1006.8 53 10.9 1.1 10004.3 1006.8
2025-06-05 21:10:20 50557 20250605211000 23.0 1014.5 97 0.7 0.2 10303.0 1014.5
2025-06-05 21:10:20 50564 20250605211000 29.2 1021.0 50 9.5 1.3 10297.2 1021.0
2025-06-05 21:10:20 50656 20250605211000 7.4 1009.5 62 5.2 0.3 10137.8 1009.5
2025-06-05 21:10:20 50658 20250605211000 21.1 1026.2 70 5.7 0.5 10253.2 1026.2
2025-06-05 21:10:20 50674 20250605211000 1.6 1005.4 74 4.9 1.4 10184.1 1005.4
2025-06-05 21:10:20 50739 20250605211000 15.8 1004.2 39 10.4 1.4 10487.3 1004.2
2025-06-05 21:10:20 50742 20250605211000 10.1 1018.0 14 12.0 1.4 10498.1 1018.0
2025-06-05 21:10:20 50745 20250605211000 2.4 1013.7 19 7.6 1.0 10120.6 1013.7
2025-06-05 21:10:20 50756 20250605211000 13.3 1001.0 91 5.2 0.8 10297.0 1001.0
2025-06-05 21:10:20 50758 20250605211000 25.1 1015.5 85 5.4 0.3 10330.3 1015.5
2025-06-05 21:10:20 50774 20250605211000 1.0 1019.0 7 9.3 1.1 10296.0 1019.0
2025-06-05 21:10:20 50778 20250605211000 6.5 1020.3 93 13.3 0.9 10465.6 1020.3
2025-06-05 21:10:20 50788 20250605211000 15.9 1010.8 40 7.5 1.1 10055.6 1010.8
2025-06-05 21:10:20 50844 20250605211000 7.7 1021.6 16 0.4 0.1 10277.7 1021.6
2025-06-05 21:10:20 50853 20250605211000 5.8 1003.6 33 4.8 1.5 10189.0 1003.6
2025-06-05 21:10:20 50854 20250605211000 4.1 1014.4 31 3.9 0.5 10167.5 1014.4
2025-06-05 21:10:20 50862 20250605211000 27.2 1006.6 49 0.1 0.2 10145.6 1006.6
2025-06-05 21:10:20 50873 20250605211000 2.6 1008.3 26 13.7 0.2 10451.8 1008.3
2025-06-05 21:10:20 50877 20250605211000 34.1 1011.6 50 4.4 1.4 10485.9 1011.6
2025-06-05 21:10:20 50888 20250605211000 24.3 1000.1 48 1.7 0.8 10149.8 1000.1
2025-06-05 21:10:20 50950 20250605211000 0.6 1018.6 38 9.4 0.3 10480.5 1018.6
2025-06-05 21:10:20 50953 20250605211000 4.5 1017.9 54 9.9 0.9 10055.1 1017.9
2025-06-05 21:10:20 50955 20250605211000 8.6 1019.8 54 1.5 0.5 10122.7 1019.8
2025-06-05 21:10:20 50963 20250605211000 10.9 1010.1 82 9.4 0.7 10180.2 1010.1
2025-06-05 21:10:20 50968 20250605211000 16.1 1009.8 5 9.6 1.1 10441.9 1009.8
2025-06-05 21:10:20 50973 20250605211000 34.1 1010.5 16 5.4 0.7 10078.7 1010.5
2025-06-05 21:10:20 50978 20250605211000 15.4 1023.7 64 3.0 0.1 10231.2 1023.7
2025-06-05 21:10:20 50983 20250605211000 29.5 1012.6 73 8.7 0.4 10007.4 1012.6
2025-06-05 21:10:20 54094 20250605211000 8.3 1007.8 94 6.6 0.3 10142.3 1007.8
2025-06-05 21:10:20 54096 20250605211000 6.5 1001.0 53 9.2 0.0 10260.8 1001.0
2025-06-05 21:10:20 57251 20250605211000 4.9 1018.5 58 14.2 0.5 10268.9 1018.5
2025-06-05 21:10:20 57256 20250605211000 27.3 1000.1 59 6.7 0.8 10202.4 1000.1
2025-06-05 21:10:20 57259 20250605211000 20.7 1010.5 49 6.0 1.5 10139.5 1010.5
2025-06-05 21:10:20 57265 20250605211000 32.7 1023.9 92 12.6 1.5 10414.2 1023.9
2025-06-05 21:10:20 57278 20250605211000 12.1 1013.5 69 12.3 0.9 10051.0 1013.5
2025-06-05 21:10:20 57279 20250605211000 26.5 1004.4 82 12.0 1.4 10272.1 1004.4
2025-06-05 21:10:20 57355 20250605211000 28.7 1014.7 47 0.9 0.5 10185.0 1014.7
2025-06-05 21:10:20 57358 20250605211000 7.0 1004.2 85 13.3 1.5 10235.3 1004.2
2025-06-05 21:10:20 57359 20250605211000 16.0 1001.3 12 12.6 0.5 10478.2 1001.3
2025-06-05 21:10:20 57363 20250605211000 14.9 1004.9 86 10.8 0.6 10418.0 1004.9
2025-06-05 21:10:20 57378 20250605211000 33.0 1001.9 9 12.9 0.6 10368.6 1001.9
2025-06-05 21:10:20 57381 20250605211000 33.8 1009.0 38 8.9 0.9 10417.2 1009.0
2025-06-05 21:10:20 57395 20250605211000 7.2 1000.2 40 2.2 0.5 10347.8 1000.2
2025-06-05 21:10:20 57399 20250605211000 34.8 1002.8 91 9.2 0.2 10472.0 1002.8
2025-06-05 21:10:20 57439 20250605211000 30.2 1007.3 68 6.7 0.5 10097.0 1007.3
2025-06-05 21:10:20 57445 20250605211000 9.8 1004.2 72 0.9 0.2 10010.2 1004.2
2025-06-05 21:10:20 57447 20250605211000 34.8 1006.6 80 1.5 1.3 10311.5 1006.6
2025-06-05 21:10:20 57458 20250605211000 28.8 1009.3 41 5.8 1.5 10159.7 1009.3
2025-06-05 21:10:20 57461 20250605211000 30.2 1025.7 99 11.5 1.3 10221.5 1025.7
2025-06-05 21:10:20 57476 20250605211000 33.4 1009.5 78 7.9 0.5 10258.1 1009.5
2025-06-05 21:10:20 57482 20250605211000 3.9 1005.3 60 8.5 0.4 10311.4 1005.3
2025-06-05 21:10:20 57483 20250605211000 25.2 1012.8 27 1.3 0.7 10269.2 1012.8
2025-06-05 21:10:20 57493 20250605211000 17.1 1011.4 96 4.8 1.3 10249.5 1011.4
2025-06-05 21:10:20 57494 20250605211000 11.5 1011.7 67 7.4 0.6 10278.2 1011.7
2025-06-05 21:10:20 57545 20250605211000 20.3 1001.0 23 10.9 1.4 10285.0 1001.0
2025-06-05 21:10:20 57573 20250605211000 24.6 1020.2 84 6.5 1.0 10289.2 1020.2
2025-06-05 21:10:20 57581 20250605211000 33.0 1011.0 28 6.0 0.3 10464.9 1011.0
2025-06-05 21:10:20 57583 20250605211000 21.0 1002.2 76 7.4 1.0 10291.8 1002.2
2025-06-05 21:10:20 57595 20250605211000 10.0 1004.2 60 11.8 0.2 10155.5 1004.2
2025-06-05 21:10:20 58402 20250605211000 12.9 1026.3 29 2.5 0.4 10337.9 1026.3
2025-06-05 21:10:20 58407 20250605211000 29.2 1024.3 42 11.8 1.0 10023.1 1024.3
2025-06-05 21:10:20 58500 20250605211000 23.0 1013.0 76 6.9 1.0 10438.8 1013.0
2025-06-05 21:10:20 57554 20250605211000 19.5 1005.2 7 3.5 1.0 10113.1 1005.2
2025-06-05 21:10:20 57562 20250605211000 25.5 1001.6 43 4.4 0.5 10175.5 1001.6
2025-06-05 21:10:20 57574 20250605211000 22.0 1014.6 48 12.4 0.5 10221.1 1014.6
2025-06-05 21:10:20 57584 20250605211000 34.5 1009.5 99 1.1 0.2 10043.4 1009.5
2025-06-05 21:10:20 57642 20250605211000 13.2 1012.4 23 2.7 0.4 10297.4 1012.4
2025-06-05 21:10:20 57649 20250605211000 21.4 1003.6 32 3.2 0.7 10005.1 1003.6
2025-06-05 21:10:20 57655 20250605211000 2.9 1023.1 54 8.8 0.2 10447.2 1023.1
2025-06-05 21:10:20 57662 20250605211000 26.4 1024.7 41 4.3 0.5 10340.9 1024.7
2025-06-05 21:10:20 57669 20250605211000 20.6 1008.6 86 12.7 1.1 10240.9 1008.6
2025-06-05 21:10:20 57671 20250605211000 25.4 1025.6 35 2.8 1.2 10255.0 1025.6
2025-06-05 21:10:20 57673 20250605211000 16.2 1002.2 62 6.8 0.4 10280.6 1002.2
2025-06-05 21:10:20 57679 20250605211000 0.8 1015.2 34 5.6 0.0 10417.0 1015.2
2025-06-05 21:10:20 57682 20250605211000 9.9 1021.7 70 2.8 0.9 10460.7 1021.7
2025-06-05 21:10:20 57687 20250605211000 0.6 1004.1 26 11.9 0.8 10356.9 1004.1
2025-06-05 21:10:20 57745 20250605211000 34.7 1008.9 98 4.1 0.9 10354.8 1008.9
2025-06-05 21:10:20 57749 20250605211000 21.1 1005.1 37 1.0 0.6 10199.1 1005.1
2025-06-05 21:10:20 57752 20250605211000 31.7 1011.3 0 11.6 0.7 10095.4 1011.3
2025-06-05 21:10:20 57758 20250605211000 29.6 1002.6 4 4.2 0.2 10011.4 1002.6
2025-06-05 21:10:20 57761 20250605211000 11.1 1025.3 38 0.2 1.2 10322.3 1025.3
2025-06-05 21:10:20 57766 20250605211000 4.3 1020.3 59 7.7 1.2 10053.7 1020.3
2025-06-05 21:10:20 57774 20250605211000 18.7 1018.4 20 2.5 0.9 10039.4 1018.4
2025-06-05 21:10:20 57776 20250605211000 24.3 1026.0 26 3.8 1.5 10372.6 1026.0
2025-06-05 21:10:20 57779 20250605211000 8.0 1018.2 72 4.0 1.5 10450.0 1018.2
2025-06-05 21:10:20 57780 20250605211000 14.2 1008.8 32 8.9 0.4 10121.3 1008.8
2025-06-05 21:10:20 57841 20250605211000 16.6 1020.2 26 3.9 0.2 10134.5 1020.2
2025-06-05 21:10:20 57845 20250605211000 26.6 1000.7 31 14.9 1.4 10083.7 1000.7
2025-06-05 21:10:20 57853 20250605211000 28.7 1022.9 13 9.6 0.7 10086.7 1022.9
2025-06-05 21:10:20 57857 20250605211000 23.9 1009.9 93 8.0 0.6 10150.8 1009.9
2025-06-05 21:10:20 57860 20250605211000 27.1 1002.0 29 10.5 1.5 10382.8 1002.0
2025-06-05 21:10:20 57866 20250605211000 4.6 1003.0 97 1.4 0.1 10389.8 1003.0
2025-06-05 21:10:20 57872 20250605211000 11.3 1010.6 84 5.2 1.4 10124.2 1010.6
2025-06-05 21:10:20 57874 20250605211000 0.1 1020.1 76 12.8 1.1 10086.0 1020.1
2025-06-05 21:10:20 57889 20250605211000 6.0 1002.8 3 11.6 1.5 10304.4 1002.8
2025-06-05 21:10:20 57965 20250605211000 22.3 1025.5 39 11.0 0.3 10493.7 1025.5
2025-06-05 21:10:20 57972 20250605211000 7.7 1007.6 42 4.8 0.3 10061.7 1007.6
2025-06-05 21:10:20 57974 20250605211000 15.2 1017.4 50 5.3 0.4 10131.4 1017.4
2025-06-05 21:10:20 50936 20250605211000 23.3 1026.1 24 10.7 0.9 10354.3 1026.1
2025-06-05 21:10:20 50945 20250605211000 27.5 1018.8 31 10.8 0.4 10201.7 1018.8
2025-06-05 21:10:20 50948 20250605211000 32.0 1021.5 91 10.2 0.2 10186.6 1021.5
2025-06-05 21:10:20 50949 20250605211000 15.2 1019.5 81 5.7 0.9 10179.1 1019.5
2025-06-05 21:10:20 54041 20250605211000 1.2 1018.3 77 9.9 1.2 10405.1 1018.3
2025-06-05 21:10:20 54049 20250605211000 5.8 1023.0 44 14.5 1.4 10102.8 1023.0
2025-06-05 21:10:20 54063 20250605211000 0.3 1010.6 2 1.2 0.0 10087.6 1010.6
2025-06-05 21:10:20 54064 20250605211000 26.4 1011.3 87 1.6 0.0 10327.4 1011.3
2025-06-05 21:10:20 54142 20250605211000 12.5 1014.0 67 14.3 0.0 10194.9 1014.0
2025-06-05 21:10:20 54157 20250605211000 4.5 1001.9 72 6.6 0.4 10429.8 1001.9
2025-06-05 21:10:20 54161 20250605211000 11.1 1011.6 31 13.2 0.7 10167.1 1011.6
2025-06-05 21:10:20 54165 20250605211000 9.4 1022.8 99 5.4 1.2 10408.5 1022.8
2025-06-05 21:10:20 54171 20250605211000 27.2 1013.8 7 2.5 0.3 10052.1 1013.8
2025-06-05 21:10:20 54181 20250605211000 27.1 1005.7 25 13.4 1.2 10227.9 1005.7
2025-06-05 21:10:20 54186 20250605211000 20.0 1001.2 40 9.8 0.3 10404.0 1001.2
2025-06-05 21:10:20 54195 20250605211000 18.2 1002.4 86 4.9 0.1 10194.3 1002.4
2025-06-05 21:10:20 54260 20250605211000 10.5 1001.4 63 4.7 0.5 10254.5 1001.4
2025-06-05 21:10:20 54263 20250605211000 12.5 1007.3 27 11.8 0.8 10081.5 1007.3
2025-06-05 21:10:20 54266 20250605211000 5.2 1011.7 79 3.6 0.8 10000.4 1011.7
2025-06-05 21:10:20 54273 20250605211000 28.6 1021.2 75 10.3 0.3 10346.5 1021.2
2025-06-05 21:10:20 54276 20250605211000 30.2 1014.8 41 8.2 1.5 10307.3 1014.8
2025-06-05 21:10:20 54284 20250605211000 23.2 1009.5 44 12.1 1.0 10463.8 1009.5
2025-06-05 21:10:20 54285 20250605211000 13.9 1010.7 2 2.1 0.8 10159.8 1010.7
2025-06-05 21:10:20 54286 20250605211000 10.8 1000.1 46 9.5 0.5 10326.1 1000.1
2025-06-05 21:10:20 54292 20250605211000 24.8 1013.1 8 9.9 1.3 10039.7 1013.1
2025-06-05 21:10:20 54363 20250605211000 8.4 1015.1 18 2.7 0.6 10465.8 1015.1
2025-06-05 21:10:20 54374 20250605211000 30.0 1009.0 96 8.4 0.3 10447.4 1009.0
2025-06-05 21:10:20 54377 20250605211000 10.7 1015.4 46 1.6 0.5 10350.1 1015.4
2025-06-05 21:10:20 54386 20250605211000 1.3 1014.3 11 4.5 1.1 10233.8 1014.3
2025-06-05 21:10:20 58026 20250605211000 19.6 1011.8 56 5.4 0.0 10464.3 1011.8
2025-06-05 21:10:20 58027 20250605211000 33.3 1008.0 83 1.2 0.1 10401.7 1008.0
2025-06-05 21:10:20 58038 20250605211000 9.8 1008.6 97 2.6 0.6 10011.5 1008.6
2025-06-05 21:10:20 58040 20250605211000 24.4 1021.8 2 14.2 0.2 10084.3 1021.8
2025-06-05 21:10:20 58047 20250605211000 13.9 1016.4 50 11.9 0.2 10039.1 1016.4
2025-06-05 21:10:20 58130 20250605211000 22.6 1001.2 60 11.2 1.0 10429.2 1001.2
2025-06-05 21:10:20 58135 20250605211000 32.6 1019.0 40 3.2 0.4 10461.9 1019.0
2025-06-05 21:10:20 58138 20250605211000 31.0 1021.7 14 0.7 1.3 10361.5 1021.7
2025-06-05 21:10:20 58141 20250605211000 19.9 1018.8 97 13.9 0.5 10476.7 1018.8
2025-06-05 21:10:20 58143 20250605211000 10.9 1026.2 98 1.1 1.4 10233.0 1026.2
2025-06-05 21:10:20 58150 20250605211000 2.5 1012.7 62 9.0 1.3 10138.6 1012.7
2025-06-05 21:10:20 58158 20250605211000 32.4 1023.8 43 12.7 1.5 10461.1 1023.8
2025-06-05 21:10:20 58238 20250605211000 28.4 1005.3 57 12.8 1.0 10307.9 1005.3
2025-06-05 21:10:20 58241 20250605211000 2.0 1020.0 17 7.4 0.6 10279.3 1020.0
2025-06-05 21:10:20 58251 20250605211000 18.7 1021.6 22 14.5 0.6 10315.3 1021.6
2025-06-05 21:10:20 58252 20250605211000 33.5 1002.6 38 3.4 1.4 10084.7 1002.6
2025-06-05 21:10:20 58255 20250605211000 31.3 1005.6 87 2.2 0.9 10018.6 1005.6
2025-06-05 21:10:20 58259 20250605211000 10.0 1011.6 34 10.3 1.0 10063.3 1011.6
2025-06-05 21:10:20 58265 20250605211000 12.9 1001.5 6 8.8 1.4 10207.7 1001.5
2025-06-05 21:10:20 58343 20250605211000 8.3 1001.6 52 2.7 0.9 10475.9 1001.6
2025-06-05 21:10:20 58345 20250605211000 16.3 1001.6 85 4.7 1.3 10120.6 1001.6
2025-06-05 21:10:20 58354 20250605211000 26.9 1023.8 21 4.2 0.1 10211.4 1023.8
2025-06-05 21:10:20 58356 20250605211000 9.7 1003.6 36 10.8 1.1 10170.0 1003.6
2025-06-05 21:10:20 58358 20250605211000 24.6 1011.8 43 5.1 0.3 10460.7 1011.8
2025-06-05 21:10:20 57598 20250605211000 17.8 1003.3 62 14.9 0.9 10453.9 1003.3
2025-06-05 21:10:20 57696 20250605211000 34.6 1017.2 64 4.5 0.8 10379.6 1017.2
2025-06-05 21:10:20 57789 20250605211000 18.9 1002.1 77 3.4 1.0 10356.4 1002.1
2025-06-05 21:10:20 57793 20250605211000 4.3 1014.5 24 10.3 0.3 10252.3 1014.5
2025-06-05 21:10:20 57799 20250605211000 0.7 1021.2 29 3.0 1.0 10415.1 1021.2
2025-06-05 21:10:20 57894 20250605211000 7.9 1021.9 89 7.6 1.3 10286.8 1021.9
2025-06-05 21:10:20 57896 20250605211000 17.4 1014.1 8 11.4 0.4 10452.4 1014.1
2025-06-05 21:10:20 57993 20250605211000 19.9 1013.8 87 14.8 0.8 10064.1 1013.8
2025-06-05 21:10:20 58506 20250605211000 0.4 1014.0 75 9.4 0.5 10274.7 1014.0
2025-06-05 21:10:20 58507 20250605211000 17.4 1005.7 60 9.7 1.4 10492.9 1005.7
2025-06-05 21:10:20 58519 20250605211000 17.5 1008.3 73 1.7 1.4 10225.4 1008.3
2025-06-05 21:10:20 58527 20250605211000 3.3 1013.1 14 12.6 1.2 10190.0 1013.1
2025-06-05 21:10:20 58600 20250605211000 7.5 1016.2 36 9.9 1.5 10274.4 1016.2
2025-06-05 21:10:20 58606 20250605211000 34.4 1016.5 6 2.0 0.0 10054.9 1016.5
2025-06-05 21:10:20 58608 20250605211000 6.9 1021.7 27 10.5 1.1 10039.9 1021.7
2025-06-05 21:10:20 58622 20250605211000 7.4 1012.0 100 7.3 0.8 10340.6 1012.0
2025-06-05 21:10:20 58626 20250605211000 20.0 1012.4 74 9.8 0.1 10423.3 1012.4
2025-06-05 21:10:20 58634 20250605211000 5.0 1002.9 46 6.4 0.0 10009.7 1002.9
2025-06-05 21:10:20 58637 20250605211000 28.6 1014.5 38 3.2 0.5 10475.0 1014.5
2025-06-05 21:10:20 58705 20250605211000 4.0 1000.9 41 8.6 1.3 10326.1 1000.9
2025-06-05 21:10:20 58715 20250605211000 21.0 1015.9 7 7.6 1.2 10006.3 1015.9
2025-06-05 21:10:20 58718 20250605211000 2.4 1012.9 27 2.3 0.1 10402.2 1012.9
2025-06-05 21:10:20 58806 20250605211000 23.9 1005.2 95 2.0 0.1 10322.7 1005.2
2025-06-05 21:10:20 58813 20250605211000 10.2 1003.8 76 7.2 1.1 10324.6 1003.8
2025-06-05 21:10:20 59092 20250605211000 15.8 1011.8 39 10.0 0.0 10397.2 1011.8
2025-06-05 21:10:20 59102 20250605211000 22.6 1004.7 76 6.3 1.0 10433.8 1004.7
2025-06-05 21:10:20 54236 20250605211000 3.6 1017.4 48 12.7 0.0 10230.1 1017.4
2025-06-05 21:10:20 54237 20250605211000 24.9 1006.2 19 0.5 0.9 10271.3 1006.2
2025-06-05 21:10:20 54243 20250605211000 22.9 1014.3 51 0.9 1.0 10098.9 1014.3
2025-06-05 21:10:20 54254 20250605211000 15.9 1013.3 20 4.7 0.4 10130.7 1013.3
2025-06-05 21:10:20 54259 20250605211000 26.1 1015.8 14 12.8 1.2 10349.4 1015.8
2025-06-05 21:10:20 54324 20250605211000 5.7 1003.1 59 3.8 1.3 10495.5 1003.1
2025-06-05 21:10:20 54326 20250605211000 34.3 1024.3 22 10.6 0.0 10297.9 1024.3
2025-06-05 21:10:20 54333 20250605211000 6.5 1004.4 43 2.4 1.4 10451.3 1004.4
2025-06-05 21:10:20 54334 20250605211000 12.1 1020.9 79 4.5 0.5 10472.3 1020.9
2025-06-05 21:10:20 54335 20250605211000 17.3 1021.8 88 2.2 0.7 10481.0 1021.8
2025-06-05 21:10:20 54337 20250605211000 6.0 1000.5 63 11.8 1.1 10341.0 1000.5
2025-06-05 21:10:20 54339 20250605211000 7.6 1006.8 41 0.2 0.0 10321.6 1006.8
2025-06-05 21:10:20 54342 20250605211000 12.8 1018.8 14 13.7 0.7 10464.2 1018.8
2025-06-05 21:10:20 54346 20250605211000 23.2 1002.7 7 7.8 0.4 10114.3 1002.7
2025-06-05 21:10:20 54349 20250605211000 25.0 1006.6 28 5.1 0.5 10428.9 1006.6
2025-06-05 21:10:20 54351 20250605211000 17.1 1009.7 11 2.5 0.1 10193.7 1009.7
2025-06-05 21:10:20 54353 20250605211000 18.0 1024.4 13 0.7 1.2 10499.3 1024.4
2025-06-05 21:10:20 54365 20250605211000 9.6 1003.0 21 6.9 1.5 10064.9 1003.0
2025-06-05 21:10:20 54452 20250605211000 29.9 1004.5 23 3.6 0.9 10153.2 1004.5
2025-06-05 21:10:20 54454 20250605211000 8.9 1021.5 89 13.4 0.7 10323.5 1021.5
2025-06-05 21:10:20 54455 20250605211000 1.2 1020.2 95 4.1 0.5 10153.2 1020.2
2025-06-05 21:10:20 54470 20250605211000 10.0 1001.9 14 1.4 0.4 10323.2 1001.9
2025-06-05 21:10:20 54471 20250605211000 13.6 1020.1 0 4.7 0.8 10490.5 1020.1
2025-06-05 21:10:20 54472 20250605211000 18.5 1016.7 42 5.0 1.1 10190.7 1016.7
2025-06-05 21:10:20 54476 20250605211000 3.6 1016.5 61 9.2 1.1 10451.0 1016.5
2025-06-05 21:10:20 54486 20250605211000 13.5 1012.8 84 8.8 0.2 10265.6 1012.8
2025-06-05 21:10:20 54493 20250605211000 15.4 1005.5 85 8.3 1.1 10087.3 1005.5
2025-06-05 21:10:20 54497 20250605211000 23.0 1002.1 69 3.8 0.4 10254.5 1002.1
2025-06-05 21:10:20 54563 20250605211000 8.8 1014.9 34 1.6 0.0 10124.3 1014.9
2025-06-05 21:10:20 54579 20250605211000 11.0 1022.2 51 9.5 1.5 10152.9 1022.2
2025-06-05 21:10:20 54584 20250605211000 33.5 1001.0 35 8.7 1.5 10421.3 1001.0
2025-06-05 21:10:20 54660 20250605211000 12.0 1009.3 92 4.9 0.1 10429.4 1009.3
2025-06-05 21:10:20 54662 20250605211000 3.9 1007.7 61 14.7 0.2 10183.6 1007.7
2025-06-05 21:10:20 50425 20250605211000 11.5 1009.8 77 14.7 0.4 10360.5 1009.8
2025-06-05 21:10:20 50434 20250605211000 19.5 1008.6 90 7.8 1.4 10232.3 1008.6
2025-06-05 21:10:20 50514 20250605211000 31.5 1020.5 41 13.3 0.3 10221.1 1020.5
2025-06-05 21:10:20 50527 20250605211000 18.4 1009.5 98 0.4 0.4 10203.6 1009.5
2025-06-05 21:10:20 50548 20250605211000 10.3 1017.1 66 13.7 0.9 10425.7 1017.1
2025-06-05 21:10:20 50603 20250605211000 13.4 1025.3 45 8.7 1.2 10285.4 1025.3
2025-06-05 21:10:20 50618 20250605211000 26.7 1001.6 2 7.1 0.9 10257.2 1001.6
2025-06-05 21:10:20 50632 20250605211000 5.6 1021.3 84 8.0 1.4 10303.1 1021.3
2025-06-05 21:10:20 50639 20250605211000 3.4 1023.5 1 11.8 0.8 10384.9 1023.5
2025-06-05 21:10:20 50727 20250605211000 20.5 1013.9 14 13.2 0.8 10049.5 1013.9
2025-06-05 21:10:20 50834 20250605211000 2.1 1003.3 22 5.9 1.4 10132.6 1003.3
2025-06-05 21:10:20 50838 20250605211000 18.3 1014.9 11 14.2 1.3 10489.5 1014.9
2025-06-05 21:10:20 50915 20250605211000 2.4 1019.6 69 4.3 0.3 10448.6 1019.6
2025-06-05 21:10:20 50924 20250605211000 21.1 1023.0 77 8.4 0.2 10419.5 1023.0
2025-06-05 21:10:20 52267 20250605211000 6.7 1016.0 33 14.3 0.4 10027.0 1016.0
2025-06-05 21:10:20 52495 20250605211000 0.5 1020.4 26 0.5 0.8 10471.3 1020.4
2025-06-05 21:10:20 52576 20250605211000 0.0 1013.0 26 0.6 0.3 10476.8 1013.0
2025-06-05 21:10:20 53068 20250605211000 14.9 1019.1 36 9.6 0.8 10154.8 1019.1
2025-06-05 21:10:20 53083 20250605211000 13.1 1020.3 69 10.9 1.5 10055.2 1020.3
2025-06-05 21:10:20 53149 20250605211000 0.4 1018.7 61 2.3 0.9 10274.5 1018.7
2025-06-05 21:10:20 53192 20250605211000 22.9 1014.6 54 4.3 0.8 10121.1 1014.6
2025-06-05 21:10:20 53195 20250605211000 15.0 1009.3 42 11.1 1.5 10143.7 1009.3
2025-06-05 21:10:20 53276 20250605211000 30.7 1003.1 52 10.4 1.1 10116.0 1003.1
2025-06-05 21:10:20 53336 20250605211000 31.5 1001.8 84 10.0 0.7 10352.5 1001.8
2025-06-05 21:10:20 53352 20250605211000 17.6 1026.1 98 10.4 1.4 10323.7 1026.1
2025-06-05 21:10:20 53362 20250605211000 19.8 1015.0 43 4.0 1.0 10164.1 1015.0
2025-06-05 21:10:20 53367 20250605211000 10.1 1019.7 50 6.0 0.2 10252.5 1019.7
2025-06-05 21:10:20 53391 20250605211000 1.6 1009.3 5 12.1 0.1 10278.5 1009.3
2025-06-05 21:10:20 53446 20250605211000 12.3 1025.5 54 5.8 0.0 10103.0 1025.5
2025-06-05 21:10:20 53463 20250605211000 21.3 1019.0 68 12.1 0.0 10205.6 1019.0
2025-06-05 21:10:20 53480 20250605211000 6.3 1006.1 51 10.0 1.4 10267.6 1006.1
2025-06-05 21:10:20 53502 20250605211000 31.2 1001.5 2 1.3 0.5 10142.0 1001.5
2025-06-05 21:10:20 53513 20250605211000 28.6 1002.2 72 8.2 0.6 10163.6 1002.2
2025-06-05 21:10:20 53529 20250605211000 14.1 1001.0 12 14.5 0.8 10479.3 1001.0
2025-06-05 21:10:20 53543 20250605211000 16.8 1001.4 3 8.2 1.2 10239.9 1001.4
2025-06-05 21:10:20 53547 20250605211000 33.5 1023.9 57 9.6 1.4 10179.8 1023.9
2025-06-05 21:10:20 53602 20250605211000 16.1 1020.3 57 14.0 1.4 10447.3 1020.3
2025-06-05 21:10:20 54012 20250605211000 7.5 1022.5 3 3.0 0.7 10476.9 1022.5
2025-06-05 21:10:20 54026 20250605211000 12.7 1008.9 27 11.5 0.7 10048.8 1008.9
2025-06-05 21:10:20 54027 20250605211000 34.9 1012.9 24 7.0 0.4 10309.0 1012.9
2025-06-05 21:10:20 54102 20250605211000 21.6 1015.1 91 11.4 0.6 10006.1 1015.1
2025-06-05 21:10:20 54115 20250605211000 15.7 1001.3 61 1.3 0.8 10032.5 1001.3
2025-06-05 21:10:20 54134 20250605211000 34.3 1015.5 100 1.6 0.5 10481.7 1015.5
2025-06-05 21:10:20 54135 20250605211000 13.3 1017.5 51 13.1 1.4 10352.8 1017.5
2025-06-05 21:10:20 54208 20250605211000 5.2 1015.8 38 12.6 0.4 10393.9 1015.8
2025-06-05 21:10:20 54213 20250605211000 34.1 1018.6 38 10.4 0.1 10175.6 1018.6
2025-06-05 21:10:20 54218 20250605211000 7.0 1010.7 6 13.9 1.2 10022.1 1010.7
2025-06-05 21:10:20 54226 20250605211000 0.8 1010.9 29 3.9 0.8 10486.0 1010.9
2025-06-05 21:10:20 53519 20250605211000 2.2 1003.9 82 9.4 0.9 10490.8 1003.9
2025-06-05 21:10:20 53612 20250605211000 22.1 1007.7 63 14.5 0.7 10339.4 1007.7
2025-06-05 21:10:20 53614 20250605211000 0.2 1021.6 72 8.5 1.0 10100.7 1021.6
2025-06-05 21:10:20 53615 20250605211000 22.6 1011.1 10 4.5 0.7 10052.8 1011.1
2025-06-05 21:10:20 53704 20250605211000 13.4 1005.4 61 3.8 1.0 10049.9 1005.4
2025-06-05 21:10:20 53705 20250605211000 18.3 1008.5 83 1.7 1.5 10347.9 1008.5
2025-06-05 21:10:20 53723 20250605211000 6.5 1015.1 100 1.9 0.2 10261.3 1015.1
2025-06-05 21:10:20 53806 20250605211000 15.6 1005.8 38 13.4 0.8 10478.1 1005.8
2025-06-05 21:10:20 53810 20250605211000 12.9 1022.0 10 3.6 0.4 10165.4 1022.0
2025-06-05 21:10:20 53817 20250605211000 7.4 1019.1 44 9.6 0.6 10336.5 1019.1
2025-06-05 21:10:20 53903 20250605211000 21.6 1010.2 43 14.6 1.3 10125.9 1010.2
2025-06-05 21:10:20 53910 20250605211000 11.5 1016.8 39 14.1 0.1 10035.9 1016.8
2025-06-05 21:10:20 51886 20250605211000 22.5 1021.0 54 7.0 0.6 10431.3 1021.0
2025-06-05 21:10:20 52602 20250605211000 10.6 1017.6 25 11.4 0.9 10351.4 1017.6
2025-06-05 21:10:20 52633 20250605211000 26.3 1007.0 84 12.9 1.3 10218.3 1007.0
2025-06-05 21:10:20 52645 20250605211000 27.5 1003.9 69 13.8 0.1 10214.4 1003.9
2025-06-05 21:10:20 52657 20250605211000 33.1 1004.2 99 1.2 0.8 10049.9 1004.2
2025-06-05 21:10:20 52707 20250605211000 3.2 1018.9 19 3.0 1.4 10302.7 1018.9
2025-06-05 21:10:20 52713 20250605211000 29.5 1014.5 75 9.5 1.4 10400.1 1014.5
2025-06-05 21:10:20 52737 20250605211000 17.5 1023.9 74 5.4 1.5 10072.0 1023.9
2025-06-05 21:10:20 52754 20250605211000 34.4 1001.0 16 11.2 1.4 10288.1 1001.0
2025-06-05 21:10:20 52765 20250605211000 7.5 1009.7 48 14.1 1.5 10312.9 1009.7
2025-06-05 21:10:20 52818 20250605211000 22.4 1023.1 82 7.6 1.4 10364.4 1023.1
2025-06-05 21:10:20 52825 20250605211000 2.2 1000.6 4 10.6 1.3 10256.1 1000.6
2025-06-05 21:10:20 52833 20250605211000 31.2 1017.8 31 2.8 0.9 10097.8 1017.8
2025-06-05 21:10:20 52836 20250605211000 19.0 1010.5 45 11.9 1.4 10049.9 1010.5
2025-06-05 21:10:20 52842 20250605211000 11.2 1019.0 80 14.6 0.0 10351.0 1019.0
2025-06-05 21:10:20 52856 20250605211000 17.2 1022.4 48 8.2 0.2 10297.4 1022.4
2025-06-05 21:10:20 52866 20250605211000 19.0 1006.4 58 13.7 1.4 10219.6 1006.4
2025-06-05 21:10:20 52868 20250605211000 11.7 1016.2 71 14.9 1.4 10068.8 1016.2
2025-06-05 21:10:20 52876 20250605211000 21.8 1006.3 35 10.5 1.5 10062.1 1006.3
2025-06-05 21:10:20 52908 20250605211000 0.3 1015.8 33 4.9 0.3 10247.0 1015.8
2025-06-05 21:10:20 52943 20250605211000 33.2 1004.9 80 7.3 1.0 10115.7 1004.9
2025-06-05 21:10:20 52955 20250605211000 6.1 1010.5 70 12.8 1.1 10399.8 1010.5
2025-06-05 21:10:20 52974 20250605211000 32.7 1002.6 10 9.1 0.8 10333.7 1002.6
2025-06-05 21:10:20 56004 20250605211000 24.8 1019.2 70 10.7 1.3 10287.1 1019.2
2025-06-05 21:10:20 56018 20250605211000 5.7 1000.7 12 4.1 1.4 10222.1 1000.7
2025-06-05 21:10:20 56021 20250605211000 31.6 1002.2 65 6.7 1.2 10134.5 1002.2
2025-06-05 21:10:20 56029 20250605211000 14.5 1014.8 36 12.7 0.6 10265.8 1014.8
2025-06-05 21:10:20 56033 20250605211000 17.0 1013.5 46 0.9 0.6 10105.2 1013.5
2025-06-05 21:10:20 56034 20250605211000 21.6 1007.1 51 5.3 0.8 10429.1 1007.1
2025-06-05 21:10:20 56043 20250605211000 24.6 1020.7 95 7.4 1.0 10233.9 1020.7
2025-06-05 21:10:20 56046 20250605211000 24.3 1017.5 11 9.4 0.0 10163.7 1017.5
2025-06-05 21:10:20 56065 20250605211000 22.3 1007.9 22 2.4 0.3 10354.9 1007.9
2025-06-05 21:10:20 56067 20250605211000 33.3 1014.1 77 4.7 1.0 10350.6 1014.1
2025-06-05 21:10:20 56125 20250605211000 25.0 1011.9 99 6.8 0.7 10269.7 1011.9
2025-06-05 21:10:20 56151 20250605211000 24.4 1022.6 11 3.6 0.9 10252.2 1022.6
2025-06-05 21:10:20 54715 20250605211000 28.2 1008.3 56 0.2 0.5 10001.8 1008.3
2025-06-05 21:10:20 54725 20250605211000 17.6 1016.0 64 12.4 0.6 10410.0 1016.0
2025-06-05 21:10:20 54727 20250605211000 22.1 1007.7 45 7.8 1.3 10101.6 1007.7
2025-06-05 21:10:20 54744 20250605211000 4.8 1020.1 12 13.7 0.4 10403.4 1020.1
2025-06-05 21:10:20 54751 20250605211000 12.5 1010.8 98 13.7 0.4 10340.7 1010.8
2025-06-05 21:10:20 54753 20250605211000 14.1 1007.5 11 5.2 1.2 10249.3 1007.5
2025-06-05 21:10:20 54764 20250605211000 2.6 1004.5 18 1.9 1.4 10313.0 1004.5
2025-06-05 21:10:20 54774 20250605211000 24.7 1011.0 30 5.3 1.4 10077.2 1011.0
2025-06-05 21:10:20 54776 20250605211000 14.2 1016.1 17 5.2 0.3 10089.6 1016.1
2025-06-05 21:10:20 54808 20250605211000 24.1 1015.1 16 11.3 1.5 10234.9 1015.1
2025-06-05 21:10:20 54823 20250605211000 1.8 1004.0 41 6.8 1.4 10121.5 1004.0
2025-06-05 21:10:20 54826 20250605211000 33.9 1020.2 25 5.7 0.9 10374.7 1020.2
2025-06-05 21:10:20 54836 20250605211000 11.0 1015.6 67 4.9 1.3 10356.2 1015.6
2025-06-05 21:10:20 54842 20250605211000 5.3 1025.3 49 6.1 0.0 10371.1 1025.3
2025-06-05 21:10:20 54843 20250605211000 7.7 1006.5 70 8.1 0.9 10098.7 1006.5
2025-06-05 21:10:20 54857 20250605211000 15.1 1002.1 42 3.3 0.4 10216.2 1002.1
2025-06-05 21:10:20 54863 20250605211000 14.2 1003.0 45 9.8 1.4 10403.7 1003.0
2025-06-05 21:10:20 54909 20250605211000 29.8 1004.8 23 7.3 1.0 10226.3 1004.8
2025-06-05 21:10:20 54916 20250605211000 3.4 1013.1 36 11.2 0.2 10215.7 1013.1
2025-06-05 21:10:20 54929 20250605211000 14.5 1011.4 15 9.0 0.0 10455.2 1011.4
2025-06-05 21:10:20 54936 20250605211000 12.5 1022.1 77 4.2 1.4 10221.7 1022.1
2025-06-05 21:10:20 54945 20250605211000 4.0 1018.7 44 12.5 1.2 10437.6 1018.7
2025-06-05 21:10:20 58034 20250605211000 15.0 1012.0 43 10.1 1.1 10010.6 1012.0
2025-06-05 21:10:20 53478 20250605211000 1.3 1014.2 54 7.1 0.6 10054.8 1014.2
2025-06-05 21:10:20 53487 20250605211000 31.3 1013.1 18 6.5 0.3 10124.9 1013.1
2025-06-05 21:10:20 53490 20250605211000 20.7 1004.3 81 3.7 0.5 10048.2 1004.3
2025-06-05 21:10:20 53564 20250605211000 1.4 1020.6 98 0.1 0.8 10303.9 1020.6
2025-06-05 21:10:20 53578 20250605211000 30.4 1008.1 27 4.8 0.3 10202.2 1008.1
2025-06-05 21:10:20 53579 20250605211000 2.2 1013.7 1 13.4 1.2 10127.7 1013.7
2025-06-05 21:10:20 53588 20250605211000 4.9 1021.8 16 10.6 0.8 10348.7 1021.8
2025-06-05 21:10:20 53594 20250605211000 14.5 1019.8 36 4.1 0.7 10447.6 1019.8
2025-06-05 21:10:20 53663 20250605211000 14.4 1015.2 40 9.0 1.2 10061.8 1015.2
2025-06-05 21:10:20 53664 20250605211000 13.9 1003.9 91 6.6 0.4 10087.9 1003.9
2025-06-05 21:10:20 53673 20250605211000 20.2 1022.6 11 12.9 1.4 10054.7 1022.6
2025-06-05 21:10:20 53687 20250605211000 28.7 1008.1 9 0.9 1.0 10015.9 1008.1
2025-06-05 21:10:20 53764 20250605211000 10.3 1016.2 18 5.1 0.6 10328.1 1016.2
2025-06-05 21:10:20 53772 20250605211000 24.2 1002.3 35 0.9 0.7 10188.2 1002.3
2025-06-05 21:10:20 53775 20250605211000 22.7 1022.1 93 9.0 1.1 10138.0 1022.1
2025-06-05 21:10:20 53787 20250605211000 16.9 1026.3 39 3.9 0.8 10132.0 1026.3
2025-06-05 21:10:20 53853 20250605211000 15.0 1003.9 12 7.8 0.9 10412.1 1003.9
2025-06-05 21:10:20 53859 20250605211000 28.0 1010.0 42 6.5 0.7 10461.4 1010.0
2025-06-05 21:10:20 53863 20250605211000 32.6 1016.5 41 10.3 1.3 10330.9 1016.5
2025-06-05 21:10:20 53868 20250605211000 29.3 1023.0 94 9.3 0.4 10247.0 1023.0
2025-06-05 21:10:20 53877 20250605211000 23.2 1007.4 76 6.1 0.8 10464.0 1007.4
2025-06-05 21:10:20 53882 20250605211000 3.9 1004.8 51 10.5 0.9 10361.8 1004.8
2025-06-05 21:10:20 53884 20250605211000 17.1 1023.7 3 5.4 0.9 10128.7 1023.7
2025-06-05 21:10:20 53959 20250605211000 25.9 1022.2 17 10.7 0.3 10397.4 1022.2
2025-06-05 21:10:20 53963 20250605211000 15.3 1007.7 89 0.4 1.3 10176.3 1007.7
2025-06-05 21:10:20 53968 20250605211000 11.5 1014.0 61 3.0 0.6 10111.8 1014.0
2025-06-05 21:10:20 53975 20250605211000 28.5 1025.2 5 6.1 0.8 10351.6 1025.2
2025-06-05 21:10:20 57052 20250605211000 26.5 1022.2 48 5.4 0.3 10435.9 1022.2
2025-06-05 21:10:20 53646 20250605211000 6.4 1014.3 34 2.7 1.0 10400.0 1014.3
2025-06-05 21:10:20 53651 20250605211000 8.3 1010.3 78 8.5 1.2 10434.5 1010.3
2025-06-05 21:10:20 53725 20250605211000 26.7 1025.9 19 4.2 1.4 10169.7 1025.9
2025-06-05 21:10:20 53735 20250605211000 0.5 1000.2 90 3.2 0.1 10100.9 1000.2
2025-06-05 21:10:20 53738 20250605211000 13.8 1014.1 75 7.6 0.6 10038.5 1014.1
2025-06-05 21:10:20 53740 20250605211000 25.5 1019.4 0 4.9 1.1 10154.0 1019.4
2025-06-05 21:10:20 53754 20250605211000 13.7 1018.2 29 14.3 0.3 10311.8 1018.2
2025-06-05 21:10:20 53845 20250605211000 23.7 1014.5 60 4.4 0.2 10132.5 1014.5
2025-06-05 21:10:20 53854 20250605211000 27.6 1023.7 46 13.5 0.6 10435.4 1023.7
2025-06-05 21:10:20 53929 20250605211000 1.1 1019.9 3 7.0 0.7 10436.8 1019.9
2025-06-05 21:10:20 53942 20250605211000 1.9 1007.8 99 12.7 0.8 10195.2 1007.8
2025-06-05 21:10:20 53948 20250605211000 27.0 1016.0 1 13.7 0.1 10288.5 1016.0
2025-06-05 21:10:20 53955 20250605211000 33.2 1009.0 17 8.7 0.7 10068.1 1009.0
2025-06-05 21:10:20 57003 20250605211000 27.5 1003.2 37 2.3 1.2 10050.6 1003.2
2025-06-05 21:10:20 57025 20250605211000 29.3 1026.1 45 14.1 1.1 10104.2 1026.1
2025-06-05 21:10:20 57028 20250605211000 6.8 1001.6 97 14.6 0.0 10432.6 1001.6
2025-06-05 21:10:20 57030 20250605211000 33.4 1004.5 16 1.0 0.0 10033.8 1004.5
2025-06-05 21:10:20 57034 20250605211000 9.9 1009.6 62 10.0 0.1 10479.1 1009.6
2025-06-05 21:10:20 57037 20250605211000 17.5 1010.4 9 0.2 0.2 10443.7 1010.4
2025-06-05 21:10:20 57046 20250605211000 14.3 1017.0 74 5.8 0.0 10474.8 1017.0
2025-06-05 21:10:20 57048 20250605211000 0.4 1006.4 62 1.4 1.1 10111.4 1006.4
2025-06-05 21:10:20 57049 20250605211000 27.4 1022.5 0 4.1 0.5 10340.7 1022.5
2025-06-05 21:10:20 57106 20250605211000 29.4 1022.3 60 2.9 0.6 10442.5 1022.3
2025-06-05 21:10:20 57124 20250605211000 18.3 1000.8 30 1.5 1.5 10150.8 1000.8
2025-06-05 21:10:20 57127 20250605211000 22.3 1024.1 10 13.5 0.0 10065.3 1024.1
2025-06-05 21:10:20 57131 20250605211000 25.0 1004.2 91 8.2 1.5 10124.6 1004.2
2025-06-05 21:10:20 57134 20250605211000 12.5 1007.8 100 13.8 0.2 10162.4 1007.8
2025-06-05 21:10:20 57140 20250605211000 21.7 1005.2 19 2.2 0.4 10346.2 1005.2
2025-06-05 21:10:20 57143 20250605211000 28.9 1017.0 8 2.6 0.2 10463.2 1017.0
2025-06-05 21:10:20 57144 20250605211000 16.1 1008.8 69 1.0 0.6 10055.3 1008.8
2025-06-05 21:10:20 57154 20250605211000 34.2 1012.5 6 14.8 0.1 10294.2 1012.5
2025-06-05 21:10:20 57211 20250605211000 23.7 1006.9 76 1.8 1.5 10142.6 1006.9
2025-06-05 21:10:20 57232 20250605211000 29.1 1025.1 8 1.8 1.5 10490.5 1025.1
2025-06-05 21:10:20 57238 20250605211000 29.4 1017.4 31 12.7 0.7 10294.9 1017.4
2025-06-05 21:10:20 57245 20250605211000 24.0 1013.1 68 4.1 1.0 10371.3 1013.1
2025-06-05 21:10:20 57343 20250605211000 19.0 1015.7 57 1.3 1.4 10281.7 1015.7
2025-06-05 21:10:20 58362 20250605211000 33.2 1008.3 49 10.9 0.4 10026.1 1008.3
2025-06-05 21:10:20 56038 20250605211000 23.0 1007.9 90 0.8 0.3 10201.0 1007.9
2025-06-05 21:10:20 56079 20250605211000 8.7 1024.4 18 8.6 0.3 10128.5 1024.4
2025-06-05 21:10:20 56144 20250605211000 17.7 1016.8 76 7.3 1.2 10103.3 1016.8
2025-06-05 21:10:20 56146 20250605211000 8.6 1006.5 60 12.3 1.0 10088.8 1006.5
2025-06-05 21:10:20 56152 20250605211000 23.4 1007.4 9 10.3 0.1 10373.5 1007.4
2025-06-05 21:10:20 56167 20250605211000 21.3 1003.7 21 4.1 0.5 10393.8 1003.7
2025-06-05 21:10:20 56172 20250605211000 2.7 1000.0 96 8.0 0.5 10006.7 1000.0
2025-06-05 21:10:20 56173 20250605211000 10.5 1026.4 16 5.6 1.1 10465.0 1026.4
2025-06-05 21:10:20 56178 20250605211000 22.9 1013.0 75 6.2 0.3 10324.9 1013.0
2025-06-05 21:10:20 56182 20250605211000 16.7 1008.1 39 1.3 0.3 10471.7 1008.1
2025-06-05 21:10:20 56187 20250605211000 30.7 1005.6 84 14.3 0.7 10448.9 1005.6
2025-06-05 21:10:20 56188 20250605211000 27.6 1009.9 28 8.5 0.9 10457.8 1009.9
2025-06-05 21:10:20 56196 20250605211000 29.2 1011.2 18 0.9 0.6 10388.9 1011.2
2025-06-05 21:10:20 56247 20250605211000 7.1 1020.1 0 2.9 0.7 10146.9 1020.1
2025-06-05 21:10:20 56251 20250605211000 19.3 1017.3 79 8.7 0.4 10316.4 1017.3
2025-06-05 21:10:20 56257 20250605211000 33.2 1012.5 20 14.1 0.4 10033.3 1012.5
2025-06-05 21:10:20 56287 20250605211000 22.7 1009.1 59 1.3 1.5 10152.9 1009.1
2025-06-05 21:10:20 56357 20250605211000 17.2 1008.4 34 12.0 0.0 10357.1 1008.4
2025-06-05 21:10:20 56374 20250605211000 30.0 1007.7 98 10.8 1.5 10031.0 1007.7
2025-06-05 21:10:20 56385 20250605211000 14.7 1002.2 51 11.5 0.7 10313.2 1002.2
2025-06-05 21:10:20 56386 20250605211000 30.8 1007.1 46 12.2 1.3 10086.7 1007.1
2025-06-05 21:10:20 56459 20250605211000 18.7 1011.3 10 12.2 0.7 10268.5 1011.3
2025-06-05 21:10:20 56462 20250605211000 14.5 1025.4 85 0.6 0.0 10310.1 1025.4
2025-06-05 21:10:20 56475 20250605211000 26.6 1024.0 85 6.4 0.6 10224.5 1024.0
2025-06-05 21:10:20 56479 20250605211000 17.9 1003.0 33 12.3 1.5 10121.7 1003.0
2025-06-05 21:10:20 56485 20250605211000 9.6 1020.9 13 13.9 0.7 10470.6 1020.9
2025-06-05 21:10:20 56492 20250605211000 6.2 1017.2 34 3.3 0.2 10162.6 1017.2
2025-06-05 21:10:20 56565 20250605211000 33.9 1016.3 65 8.3 1.3 10432.4 1016.3
2025-06-05 21:10:20 56571 20250605211000 5.0 1008.2 79 7.9 1.3 10271.7 1008.2
2025-06-05 21:10:20 56666 20250605211000 30.3 1023.2 57 9.9 1.5 10033.4 1023.2
2025-06-05 21:10:20 56671 20250605211000 28.8 1013.0 9 1.2 0.3 10086.2 1013.0
2025-06-05 21:10:20 57206 20250605211000 24.5 1025.2 1 10.0 1.5 10164.8 1025.2
2025-06-05 21:10:20 57237 20250605211000 3.6 1011.5 67 14.8 0.2 10432.9 1011.5
2025-06-05 21:10:20 57306 20250605211000 27.9 1011.9 87 0.8 0.2 10216.2 1011.9
2025-06-05 21:10:20 57313 20250605211000 0.7 1023.9 41 0.9 1.0 10352.1 1023.9
2025-06-05 21:10:20 57314 20250605211000 7.3 1015.3 2 3.5 0.7 10212.1 1015.3
2025-06-05 21:10:20 57328 20250605211000 33.8 1026.1 82 8.3 1.1 10461.5 1026.1
2025-06-05 21:10:20 57405 20250605211000 8.3 1002.1 90 13.5 0.8 10082.0 1002.1
2025-06-05 21:10:20 57411 20250605211000 9.6 1025.4 43 9.5 1.3 10181.8 1025.4
2025-06-05 21:10:20 57503 20250605211000 10.6 1023.5 45 9.8 0.0 10370.8 1023.5
2025-06-05 21:10:20 57604 20250605211000 8.4 1003.4 95 7.0 0.3 10186.7 1003.4
2025-06-05 21:10:20 57608 20250605211000 25.6 1017.5 98 8.1 0.5 10296.3 1017.5
2025-06-05 21:10:20 54525 20250605211000 11.9 1010.7 13 13.8 0.7 10395.4 1010.7
2025-06-05 21:10:20 54527 20250605211000 18.4 1010.0 81 8.5 0.8 10329.1 1010.0
2025-06-05 21:10:20 54623 20250605211000 13.5 1004.2 8 1.3 0.7 10318.5 1004.2
2025-06-05 21:10:20 55228 20250605211000 18.6 1011.2 38 2.4 0.3 10483.9 1011.2
2025-06-05 21:10:20 55248 20250605211000 5.6 1016.7 39 7.9 1.2 10203.1 1016.7
2025-06-05 21:10:20 55279 20250605211000 26.7 1012.8 54 14.5 1.2 10486.3 1012.8
2025-06-05 21:10:20 55294 20250605211000 33.0 1014.1 4 2.0 0.3 10010.1 1014.1
2025-06-05 21:10:20 55299 20250605211000 13.4 1009.5 35 1.9 1.0 10211.7 1009.5
2025-06-05 21:10:20 55437 20250605211000 34.4 1004.0 90 9.2 1.5 10106.0 1004.0
2025-06-05 21:10:20 55472 20250605211000 32.3 1017.8 73 7.6 0.1 10341.3 1017.8
2025-06-05 21:10:20 55493 20250605211000 12.1 1003.8 53 8.6 0.8 10100.9 1003.8
2025-06-05 21:10:20 55569 20250605211000 30.7 1023.2 61 7.9 0.6 10267.9 1023.2
2025-06-05 21:10:20 55578 20250605211000 20.0 1018.8 54 5.6 1.4 10370.3 1018.8
2025-06-05 21:10:20 55585 20250605211000 20.0 1023.7 80 1.5 1.0 10436.3 1023.7
2025-06-05 21:10:20 55591 20250605211000 34.4 1010.0 68 9.8 1.0 10482.2 1010.0
2025-06-05 21:10:20 55598 20250605211000 28.6 1000.7 90 1.6 0.0 10027.0 1000.7
2025-06-05 21:10:20 55655 20250605211000 9.7 1016.6 21 1.7 1.0 10205.9 1016.6
2025-06-05 21:10:20 55664 20250605211000 17.3 1014.8 37 10.5 0.4 10080.9 1014.8
2025-06-05 21:10:20 55680 20250605211000 12.2 1018.9 68 9.9 1.0 10278.0 1018.9
2025-06-05 21:10:20 55681 20250605211000 4.9 1010.0 75 9.4 0.9 10160.7 1010.0
2025-06-05 21:10:20 55690 20250605211000 31.3 1022.9 39 5.5 1.5 10212.4 1022.9
2025-06-05 21:10:20 55696 20250605211000 2.4 1022.3 46 0.8 0.2 10397.4 1022.3
2025-06-05 21:10:20 55773 20250605211000 26.3 1023.2 95 4.1 1.1 10297.0 1023.2
2025-06-05 21:10:20 56106 20250605211000 14.2 1018.9 16 5.1 0.3 10115.4 1018.9
2025-06-05 21:10:20 56116 20250605211000 9.7 1020.2 3 1.1 0.7 10440.4 1020.2
2025-06-05 21:10:20 56137 20250605211000 11.9 1017.5 83 11.6 0.4 10479.3 1017.5
2025-06-05 21:10:20 56202 20250605211000 7.4 1025.2 100 1.5 1.2 10484.8 1025.2
2025-06-05 21:10:20 56223 20250605211000 25.8 1019.2 52 5.8 0.1 10355.2 1019.2
2025-06-05 21:10:20 56227 20250605211000 30.9 1010.5 7 12.5 0.3 10278.0 1010.5
2025-06-05 21:10:20 56312 20250605211000 33.8 1012.7 95 13.7 0.4 10205.0 1012.7
2025-06-05 21:10:20 56331 20250605211000 10.3 1006.2 40 11.7 1.0 10292.1 1006.2
2025-06-05 21:10:20 56434 20250605211000 3.4 1019.6 78 0.6 1.4 10335.5 1019.6
2025-06-05 21:10:20 51053 20250605211000 16.4 1009.9 56 7.2 0.9 10403.5 1009.9
2025-06-05 21:10:20 51059 20250605211000 9.7 1004.5 24 14.4 0.7 10303.1 1004.5
2025-06-05 21:10:20 51060 20250605211000 23.1 1023.3 39 5.5 1.2 10058.2 1023.3
2025-06-05 21:10:20 51068 20250605211000 7.4 1014.2 57 9.0 0.5 10263.7 1014.2
2025-06-05 21:10:20 51076 20250605211000 34.8 1006.3 43 11.3 0.8 10432.2 1006.3
2025-06-05 21:10:20 51087 20250605211000 18.5 1008.3 87 13.3 0.8 10168.9 1008.3
2025-06-05 21:10:20 51133 20250605211000 12.7 1025.0 10 6.8 1.2 10430.0 1025.0
2025-06-05 21:10:20 51156 20250605211000 17.6 1016.8 92 14.0 0.9 10301.1 1016.8
2025-06-05 21:10:20 51186 20250605211000 8.3 1007.7 8 10.6 1.0 10460.8 1007.7
2025-06-05 21:10:20 51232 20250605211000 7.1 1003.1 83 12.9 0.9 10176.7 1003.1
2025-06-05 21:10:20 51238 20250605211000 1.4 1012.0 30 8.5 1.4 10043.7 1012.0
2025-06-05 21:10:20 51241 20250605211000 30.6 1016.9 50 6.3 0.1 10015.3 1016.9
2025-06-05 21:10:20 51243 20250605211000 25.5 1018.8 6 7.7 0.5 10456.3 1018.8
2025-06-05 21:10:20 51288 20250605211000 13.5 1011.1 72 8.7 1.2 10305.1 1011.1
2025-06-05 21:10:20 51330 20250605211000 1.6 1006.2 65 12.7 0.4 10424.5 1006.2
2025-06-05 21:10:20 51334 20250605211000 6.5 1025.3 45 9.4 0.9 10308.4 1025.3
2025-06-05 21:10:20 51346 20250605211000 5.7 1014.4 93 9.2 0.3 10388.1 1014.4
2025-06-05 21:10:20 51358 20250605211000 1.9 1004.0 53 2.8 1.2 10300.6 1004.0
2025-06-05 21:10:20 51365 20250605211000 26.5 1006.9 17 9.1 1.2 10414.5 1006.9
2025-06-05 21:10:20 51367 20250605211000 22.1 1016.8 88 0.8 0.9 10134.4 1016.8
2025-06-05 21:10:20 51379 20250605211000 15.3 1011.2 80 6.3 1.1 10119.3 1011.2
2025-06-05 21:10:20 51431 20250605211000 10.7 1001.5 52 0.3 1.2 10035.4 1001.5
2025-06-05 21:10:20 51433 20250605211000 28.1 1015.4 35 13.0 0.1 10331.8 1015.4
2025-06-05 21:10:20 51437 20250605211000 2.4 1005.0 51 8.0 0.4 10220.5 1005.0
2025-06-05 21:10:20 51463 20250605211000 3.9 1010.4 38 6.4 0.6 10081.1 1010.4
2025-06-05 21:10:20 51467 20250605211000 7.7 1010.5 71 12.6 1.1 10189.5 1010.5
2025-06-05 21:10:20 51469 20250605211000 8.1 1026.1 40 14.8 1.1 10323.8 1026.1
2025-06-05 21:10:20 51470 20250605211000 22.8 1010.3 18 0.3 1.4 10379.2 1010.3
2025-06-05 21:10:20 51477 20250605211000 13.5 1015.1 3 9.8 0.6 10366.7 1015.1
2025-06-05 21:10:20 51495 20250605211000 21.2 1010.6 45 7.2 0.7 10490.7 1010.6
2025-06-05 21:10:20 51526 20250605211000 0.0 1021.2 34 11.3 0.4 10450.0 1021.2
2025-06-05 21:10:20 51542 20250605211000 1.1 1013.3 63 3.1 1.3 10366.4 1013.3
2025-06-05 21:10:20 51567 20250605211000 18.6 1016.2 33 9.5 1.2 10209.7 1016.2
2025-06-05 21:10:20 51573 20250605211000 9.5 1021.5 38 1.1 1.5 10371.3 1021.5
2025-06-05 21:10:20 51581 20250605211000 3.3 1011.9 47 4.6 1.2 10178.2 1011.9
2025-06-05 21:10:20 51628 20250605211000 31.0 1003.5 73 6.8 0.9 10435.5 1003.5
2025-06-05 21:10:20 51633 20250605211000 15.1 1013.8 9 4.7 0.8 10027.1 1013.8
2025-06-05 21:10:20 51639 20250605211000 24.4 1005.5 2 5.7 0.9 10277.3 1005.5
2025-06-05 21:10:20 51642 20250605211000 11.9 1020.3 52 9.7 1.4 10105.3 1020.3
2025-06-05 21:10:20 51644 20250605211000 14.6 1007.4 79 2.4 1.2 10312.4 1007.4
2025-06-05 21:10:20 51655 20250605211000 29.3 1018.3 53 9.3 0.9 10345.0 1018.3
2025-06-05 21:10:20 51656 20250605211000 24.0 1000.0 66 10.5 0.8 10042.4 1000.0
2025-06-05 21:10:20 51701 20250605211000 21.5 1000.1 73 7.6 0.5 10334.8 1000.1
2025-06-05 21:10:20 51704 20250605211000 2.4 1007.5 37 0.9 0.9 10121.0 1007.5
2025-06-05 21:10:20 51705 20250605211000 8.3 1000.4 10 12.5 1.2 10025.0 1000.4
2025-06-05 21:10:20 51709 20250605211000 1.8 1016.6 76 12.6 1.4 10113.0 1016.6
2025-06-05 21:10:20 51711 20250605211000 33.4 1003.8 14 0.9 0.5 10485.8 1003.8
2025-06-05 21:10:20 51716 20250605211000 13.8 1026.2 77 2.7 1.4 10244.2 1026.2
2025-06-05 21:10:20 51720 20250605211000 23.8 1008.7 43 12.6 1.1 10138.7 1008.7
2025-06-05 21:10:20 51730 20250605211000 30.3 1018.7 68 9.5 0.8 10487.2 1018.7
2025-06-05 21:10:20 51747 20250605211000 32.4 1008.3 32 6.6 0.4 10374.0 1008.3
2025-06-05 21:10:20 51765 20250605211000 7.6 1008.1 65 12.4 1.1 10291.6 1008.1
2025-06-05 21:10:20 51777 20250605211000 0.3 1023.2 66 14.4 1.0 10397.4 1023.2
2025-06-05 21:10:20 51804 20250605211000 32.3 1023.2 33 4.1 0.2 10003.6 1023.2
2025-06-05 21:10:20 51810 20250605211000 18.7 1019.0 61 13.9 0.2 10226.4 1019.0
2025-06-05 21:10:20 51811 20250605211000 0.5 1023.5 24 12.2 1.4 10415.1 1023.5
2025-06-05 21:10:20 51818 20250605211000 34.8 1005.2 39 9.5 0.9 10378.9 1005.2
2025-06-05 21:10:20 51828 20250605211000 29.1 1004.2 17 3.7 0.2 10078.0 1004.2
2025-06-05 21:10:20 51839 20250605211000 7.8 1012.3 18 12.8 1.1 10442.1 1012.3
2025-06-05 21:10:20 51855 20250605211000 1.9 1017.6 60 12.4 0.7 10382.5 1017.6
2025-06-05 21:10:20 51931 20250605211000 4.6 1004.3 89 13.1 1.5 10133.2 1004.3
2025-06-05 21:10:20 52101 20250605211000 2.8 1015.0 41 11.2 1.4 10336.0 1015.0
2025-06-05 21:10:20 52112 20250605211000 5.1 1011.0 57 4.0 0.2 10089.0 1011.0
2025-06-05 21:10:20 52118 20250605211000 12.1 1005.9 73 6.1 1.3 10468.9 1005.9
2025-06-05 21:10:20 52203 20250605211000 3.5 1022.8 95 0.6 0.4 10342.9 1022.8
2025-06-05 21:10:20 52313 20250605211000 23.9 1016.0 41 6.0 0.7 10335.2 1016.0
2025-06-05 21:10:20 56444 20250605211000 2.5 1001.4 5 4.4 0.2 10173.3 1001.4
2025-06-05 21:10:20 56533 20250605211000 3.7 1003.4 61 4.4 0.6 10087.4 1003.4
2025-06-05 21:10:20 56543 20250605211000 20.5 1020.3 69 11.6 1.4 10431.5 1020.3
2025-06-05 21:10:20 56548 20250605211000 2.5 1018.8 22 5.3 0.2 10146.1 1018.8
2025-06-05 21:10:20 56586 20250605211000 16.6 1023.8 31 6.2 0.0 10089.0 1023.8
2025-06-05 21:10:20 56643 20250605211000 15.8 1006.9 41 4.8 1.2 10322.5 1006.9
2025-06-05 21:10:20 56651 20250605211000 14.2 1008.2 55 1.5 0.0 10263.8 1008.2
2025-06-05 21:10:20 56664 20250605211000 3.2 1019.4 69 14.2 1.0 10493.6 1019.4
2025-06-05 21:10:20 56684 20250605211000 9.7 1000.4 38 3.7 1.4 10308.5 1000.4
2025-06-05 21:10:20 56739 20250605211000 20.1 1002.3 60 6.4 0.0 10034.9 1002.3
2025-06-05 21:10:20 56748 20250605211000 1.3 1025.4 3 2.6 1.4 10141.1 1025.4
2025-06-05 21:10:20 56751 20250605211000 19.1 1021.7 33 0.6 0.7 10288.2 1021.7
2025-06-05 21:10:20 56763 20250605211000 29.8 1015.1 66 2.0 0.5 10079.6 1015.1
2025-06-05 21:10:20 56768 20250605211000 25.9 1011.0 67 12.0 0.8 10069.0 1011.0
2025-06-05 21:10:20 56778 20250605211000 13.7 1022.9 10 4.8 0.7 10491.3 1022.9
2025-06-05 21:10:20 56786 20250605211000 2.4 1011.7 50 11.4 0.5 10118.0 1011.7
2025-06-05 21:10:20 56838 20250605211000 22.3 1023.9 35 4.7 0.9 10437.9 1023.9
2025-06-05 21:10:20 56856 20250605211000 2.0 1009.6 0 14.3 0.5 10413.7 1009.6
2025-06-05 21:10:20 56872 20250605211000 21.5 1014.5 87 10.9 0.1 10404.7 1014.5
2025-06-05 21:10:20 56875 20250605211000 5.7 1012.5 67 8.4 1.0 10397.6 1012.5
2025-06-05 21:10:20 56886 20250605211000 5.1 1022.8 12 9.9 0.1 10034.1 1022.8
2025-06-05 21:10:20 56946 20250605211000 29.9 1012.4 4 14.7 1.0 10293.5 1012.4
2025-06-05 21:10:20 56950 20250605211000 4.0 1021.3 70 11.8 1.2 10232.3 1021.3
2025-06-05 21:10:20 56951 20250605211000 32.9 1006.4 8 4.0 0.9 10135.9 1006.4
2025-06-05 21:10:20 56954 20250605211000 22.6 1012.8 73 11.9 1.3 10113.1 1012.8
2025-06-05 21:10:20 56959 20250605211000 26.8 1016.2 100 2.6 1.4 10136.1 1016.2
2025-06-05 21:10:20 56964 20250605211000 32.6 1002.0 1 4.5 0.7 10262.1 1002.0
2025-06-05 21:10:20 56966 20250605211000 21.5 1012.2 38 9.3 0.8 10202.3 1012.2
2025-06-05 21:10:20 56969 20250605211000 28.3 1016.2 85 5.0 0.8 10289.9 1016.2
2025-06-05 21:10:20 56977 20250605211000 31.9 1002.6 25 10.5 1.2 10216.9 1002.6
2025-06-05 21:10:20 56985 20250605211000 18.4 1023.2 26 0.4 1.3 10127.8 1023.2
2025-06-05 21:10:20 56986 20250605211000 9.9 1012.9 75 14.8 0.8 10118.8 1012.9
2025-06-05 21:10:20 56991 20250605211000 4.2 1013.2 57 13.9 0.1 10336.6 1013.2
2025-06-05 21:10:20 59007 20250605211000 9.1 1011.9 63 3.3 0.0 10150.9 1011.9
2025-06-05 21:10:20 58448 20250605211000 18.8 1000.3 29 0.2 1.0 10204.4 1000.3
2025-06-05 21:10:20 58450 20250605211000 25.8 1025.9 91 9.6 0.6 10225.6 1025.9
2025-06-05 21:10:20 58457 20250605211000 29.4 1022.6 11 12.0 1.1 10360.9 1022.6
2025-06-05 21:10:20 58464 20250605211000 15.9 1024.8 95 5.7 1.4 10474.0 1024.8
2025-06-05 21:10:20 58467 20250605211000 19.0 1019.2 99 10.2 0.5 10006.4 1019.2
2025-06-05 21:10:20 58472 20250605211000 25.6 1022.7 2 10.9 1.1 10173.5 1022.7
2025-06-05 21:10:20 58477 20250605211000 30.5 1024.7 55 9.5 0.3 10275.6 1024.7
2025-06-05 21:10:20 58543 20250605211000 31.5 1013.7 26 4.0 0.3 10428.1 1013.7
2025-06-05 21:10:20 58549 20250605211000 19.8 1017.0 6 8.2 0.6 10121.4 1017.0
2025-06-05 21:10:20 58553 20250605211000 33.7 1016.0 94 9.5 0.3 10176.9 1016.0
2025-06-05 21:10:20 58556 20250605211000 5.4 1021.9 90 5.1 0.4 10000.4 1021.9
2025-06-05 21:10:20 58557 20250605211000 24.6 1015.0 46 12.8 0.8 10309.6 1015.0
2025-06-05 21:10:20 58562 20250605211000 26.8 1024.5 1 4.0 0.9 10077.2 1024.5
2025-06-05 21:10:20 58569 20250605211000 2.4 1016.2 54 11.7 0.1 10393.8 1016.2
2025-06-05 21:10:20 58633 20250605211000 26.4 1016.6 12 5.0 0.6 10213.2 1016.6
2025-06-05 21:10:20 58646 20250605211000 20.3 1015.2 87 4.8 1.2 10039.8 1015.2
2025-06-05 21:10:20 58652 20250605211000 22.8 1017.0 49 13.7 0.9 10034.4 1017.0
2025-06-05 21:10:20 58665 20250605211000 2.9 1009.7 57 5.6 1.4 10073.0 1009.7
2025-06-05 21:10:20 58666 20250605211000 2.6 1020.8 68 9.4 0.5 10197.9 1020.8
2025-06-05 21:10:20 58667 20250605211000 24.7 1007.0 59 12.8 0.4 10154.8 1007.0
2025-06-05 21:10:20 58742 20250605211000 27.8 1015.7 15 13.4 0.4 10244.0 1015.7
2025-06-05 21:10:20 58752 20250605211000 17.1 1009.5 74 2.9 1.5 10277.9 1009.5
2025-06-05 21:10:20 58760 20250605211000 23.8 1017.5 30 12.8 0.6 10159.0 1017.5
2025-06-05 21:10:20 57348 20250605211000 2.4 1013.5 58 14.1 1.2 10124.4 1013.5
2025-06-05 21:10:20 57426 20250605211000 7.1 1010.5 89 11.7 1.2 10201.7 1010.5
2025-06-05 21:10:20 57432 20250605211000 0.1 1008.0 78 11.7 1.5 10083.6 1008.0
2025-06-05 21:10:20 57502 20250605211000 4.7 1007.1 50 4.6 0.2 10308.0 1007.1
2025-06-05 21:10:20 57512 20250605211000 7.6 1023.5 64 0.0 0.5 10252.5 1023.5
2025-06-05 21:10:20 57516 20250605211000 4.3 1001.2 14 2.7 0.2 10298.1 1001.2
2025-06-05 21:10:20 57517 20250605211000 34.5 1006.6 4 10.1 0.0 10271.8 1006.6
2025-06-05 21:10:20  57520 20250605211000 16.9 1011.6 44 0.9 0.5 10365.5 1011.6
2025-06-05 21:10:20 57523 20250605211000 5.6 1000.5 40 8.5 1.1 10123.8 1000.5
2025-06-05 21:10:20 57536  20250605211000 28.7 1003.9 25 13.1 0.0 10462.3 1003.9
2025-06-05 21:10:20 57612 20250605211000 25.9 1004.9 29 13.0 0.9 10115.6 1004.9
2025-06-05 21:10:20 57633 20250605211000 33.3 1022.8 37 14.6 0.7 10328.4 1022.8
2025-06-05 21:10:20 crtsurfdata 运行结束
